#Elevation(°)  Code corrections(m) 
#                IGSO                     MEO
#         B1      B2      B3        B1     B2     B3
   0    -0.55   -0.71   -0.27     -0.47  -0.40  -0.22
  10    -0.40   -0.36   -0.23     -0.38  -0.31  -0.15
  20    -0.34   -0.33   -0.21     -0.32  -0.26  -0.13
  30    -0.23   -0.19   -0.15     -0.23  -0.18  -0.10
  40    -0.15   -0.14   -0.11     -0.11  -0.06  -0.04 
  50    -0.04   -0.03   -0.04      0.06   0.09   0.05
  60     0.09    0.08    0.05      0.34   0.28   0.14
  70     0.19    0.17    0.14      0.69   0.48   0.27
  80     0.27    0.24    0.19      0.97   0.64   0.36
  90     0.35    0.33    0.32      1.05   0.69   0.47 
