#CPRN YYYY MM DD HH MI SECD  BETA     MU YYYY MM DD HH MI SECD   BETA     MU
 C06 2010 10 20 18 52 14.0    0.0    0.0 2010 10 28 18 49 14.0   -4.1  344.7
 C06 2011 04 15 21 09 14.0    0.0    0.0 2011 04 24 19 47 14.0   -4.1  344.7
 C06 2011 10 17 19 00 14.0    0.0    0.0 2011 10 26 20 52 14.0   -4.1  344.7
 C06 2012 04 12 18 43 14.0    0.0    0.0 2012 04 20 19 28 14.0   -4.1  344.7
 C06 2012 10 14 20 17 14.0    0.0    0.0 2012 10 22 21 32 14.0   -4.1  344.7
 C06 2013 04 09 19 12 00.0    0.0    0.0 2013 04 17 23 50 00.0   -4.1  344.7
 C06 2013 10 11 18 56 00.0    0.0    0.0 2013 10 19 23 29 00.0   -4.1  344.7
 C06 2014 04 06 19 20 00.0   -3.8   49.6 2014 04 15 00 03 00.0    4.1  125.7
 C06 2014 10 08 19 06 00.0    3.8   48.8 2014 10 16 23 42 00.0   -4.2  123.6
 C06 2015  4  3 19 37  0.0   -4.0   52.8 2015  4 12  2 29  0.0    4.0  161.4
 C06 2015 10  5 19 23  0.0    3.9   52.3 2015 10 14  0 19  0.0   -4.0  132.3
 C06 2016  3 31  0 13  0.0   -4.0  120.8 2016  4  8 12  0  0.0    4.2  304.5
 C06 2016 10  1 23 11  0.0    4.0  108.3 2016 10 10  5 25  0.0   -4.0  207.2
 C06 2017  3 28 19 11  0.0   -3.5   43.8 2017  4  5 11 42  0.0    4.0  297.4
 C07 2011 02 08 19 24 14.0    0.0    0.0 2011 02 22 19 50 14.0   -4.1  344.7
 C07 2011 08 09 19 17 14.0    0.0    0.0 2011 08 24 19 54 14.0   -4.1  344.7
 C07 2012 02 03 19 10 14.0    0.0    0.0 2012 02 17 00 09 14.0   -4.1  344.7
 C07 2012 08 03 19 45 14.0    0.0    0.0 2012 08 18 20 36 14.0   -4.1  344.7
 C07 2013 01 28 18 57 00.0    0.0    0.0 2013 02 10 23 42 00.0   -4.1  344.7
 C07 2013 07 28 19 16 00.0    0.0    0.0 2013 08 11 23 40 00.0   -4.1  344.7
 C07 2014 01 23 18 57 00.0    3.7   48.4 2014 02 05 07 42 00.0   -4.0  242.0
 C07 2014 07 23 18 59 00.0   -3.9   50.8 2014 08 06 04 19 00.0    4.0  194.2
 C07 2015  1 18 19  1  0.0    3.8   50.0 2015  1 31  4 23  0.0   -4.0  193.4
 C07 2015  7 18 18 57  0.0   -3.8   49.9 2015  7 31 23 44  0.0    4.1  124.9
 C07 2016  1 13 20 14  0.0    4.0   68.4 2016  1 26  4 48  0.0   -4.0  199.9
 C07 2016  7 12 18 55  0.0   -3.8   50.3 2016  7 25 13 32  0.0    4.0  333.6
 C07 2017  1  8 18 45  0.0    3.7   47.1 2017  1 20  8  4  0.0   -4.0  249.4
 C08 2011 07 07 21 16 14.0    0.0    0.0 2011 07 17 20 45 14.0   -4.1  344.7
 C08 2012 01 04 20 40 14.0    0.0    0.0 2012 01 13 20 30 14.0   -4.1  344.7
 C08 2012 07 03 20 42 14.0    0.0    0.0 2012 07 13 21 16 14.0   -4.1  344.7
 C08 2012 12 31 20 32 00.0    0.0    0.0 2013 01 09 20 30 00.0   -4.1  344.7
 C08 2013 06 30 20 11 00.0    0.0    0.0 2013 07 10 01 17 00.0   -4.1  344.7
 C08 2013 12 28 20 22 00.0    0.0    0.0 2013 01 07 00 53 00.0   -4.1  344.7
 C08 2014 01 01 00 00 00.0   -0.9  103.4 2014 01 06 15 26 00.0    4.0  338.1
 C08 2014 06 26 20 40 00.0    3.9   51.9 2014 07 06 15 33 00.0   -4.0  338.5
 C08 2014 12 25 20  3  0.0   -3.4   43.4 2015  1  3 11  6  0.0    4.0  272.6
 C08 2015  6 23 20  2  0.0    3.5   44.6 2015  7  3  4 59  0.0   -4.0  182.0
 C08 2015 12 21 20 27  0.0   -3.9   52.1 2015 12 31  5 16  0.0    4.0  187.9
 C08 2016  6 18 20 12  0.0    3.8   49.1 2016  6 28 16 15  0.0   -4.0  353.5
 C08 2016 12 17 20  3  0.0   -3.6   46.0 2016 12 27  1  5  0.0    4.1  124.6
 C08 2017  6 14 20 29  0.0    4.0   52.8 2017  6 25  1 56  0.0   -4.0  138.3
 C09 2011 10 19 20 30 14.0    0.0    0.0 2011 10 27 20 33 14.0   -4.1  344.7
 C09 2012 04 13 21 34 14.0    0.0    0.0 2012 04 22 21 22 14.0   -4.1  344.7
 C09 2012 10 15 22 08 14.0    0.0    0.0 2012 10 24 22 59 14.0   -4.1  344.7
 C09 2013 04 11 20 29 00.0    0.0    0.0 2013 04 19 14 49 00.0   -4.1  344.7
 C09 2013 10 13 20 09 00.0    0.0    0.0 2013 10 22 00 30 00.0   -4.1  344.7
 C09 2014 04 08 20 47 00.0   -3.6   46.4 2014 04 16 19 40 00.0    4.0   36.1
 C09 2014 10 10 20 28 00.0    3.6   46.0 2014 10 18 16 21 00.0   -4.0  350.3
 C09 2015  4  5 21  8  0.0   -3.8   50.2 2015  4 14  1 45  0.0    4.1  125.9
 C09 2015 10  7 20 48  0.0    3.8   49.8 2015 10 16  1 20  0.0   -4.1  124.7
 C09 2016  4  1 22 58  0.0   -4.0   77.3 2016  4 10  5 46  0.0    4.0  186.2
 C09 2016 10  3 22 42  0.0    4.0   76.5 2016 10 12  4 36  0.0   -4.0  171.9
 C09 2017  3 30 20 42  0.0   -3.4   42.9 2017  4  7 11 39  0.0    4.0  273.9
 C10 2012 02 02 21 00 14.0    0.0    0.0 2012 02 16 22 45 14.0   -4.1  344.7
 C10 2012 08 02 20 39 14.0    0.0    0.0 2012 08 16 21 04 14.0   -4.1  344.7
 C10 2013 01 27 20 54 00.0    0.0    0.0 2013 02 09 20 29 00.0   -4.1  344.7
 C10 2013 07 28 20 29 00.0    0.0    0.0 2013 08 11 01 35 00.0   -4.1  344.7
 C10 2014 01 22 20 56 00.0    3.9   52.0 2014 02 04 15 32 00.0   -4.0  333.6
 C10 2014 07 22 23 06 00.0   -4.0   86.2 2014 08 05 11 46 00.0    4.0  280.4
 C10 2015  1 17 23 29  0.0    4.0   92.1 2015  1 30 13 15  0.0   -4.0  301.0
 C10 2015  7 17 22 14  0.0   -4.0   74.2 2015  7 31  3 50  0.0    4.0  161.8
 C10 2016  1 13 20 30  0.0    3.7   47.0 2016  1 25 14 39  0.0   -4.0  321.8
 C10 2016  7 12  0  2  0.0   -4.0  100.3 2016  7 25  1 29  0.0    4.1  125.8
 C10 2017  1  7 20 45  0.0    3.9   52.1 2017  1 19 18 58  0.0   -4.0   28.2
 C11 2012 07 24 05 13 14.0    0.0    0.0 2012 08 01 20 11 14.0   -4.1  344.7
 C11 2013 01 16 14 36 00.0    0.0    0.0 2013 01 25 07 22 00.0   -4.1  344.7
 C11 2013 07 13 15 59 00.0    0.0    0.0 2013 07 22 20 28 00.0   -4.1  344.7
 C11 2014 01 08 02 47 00.0   -2.7   32.8 2014 01 15 10 09 00.0    4.0  248.5
 C11 2014 07 03 00 57 00.0    4.0   83.0 2014 07 12 13 20 00.0   -4.0  337.9
 C11 2014 12 27 13 29  0.0   -4.0  123.4 2015  1  5 16 53  0.0    4.0  127.2
 C11 2015  6 22  8 56  0.0    3.7   47.4 2015  7  1 23 25  0.0   -4.0    0.4
 C11 2015 12 16 21 42  0.0   -4.0   94.8 2015 12 26 15  1  0.0    4.0  126.5
 C11 2016  6  9  6 13  0.0    4.0  123.5 2016  6 19 20 48  0.0   -4.0   28.6
 C11 2016 12  4 16 27  0.0   -3.9   50.7 2016 12 14 19 47  0.0    4.0    1.4
 C11 2017  5 27 22  8  0.0    3.8   50.4 2017  6  7 23 55  0.0   -4.0  267.2
 C12 2012 07 23 14 51 14.0    0.0    0.0 2012 08 01 06 46 14.0   -4.1  344.7
 C12 2013 01 16 12 50 00.0    0.0    0.0 2013 01 24 17 03 00.0   -4.1  344.7
 C12 2013 07 13 11 10 00.0    0.0    0.0 2013 07 22 18 41 00.0   -4.1  344.7
 C12 2014 01 06 11 09 00.0   -3.9   50.9 2014 01 15 04 09 00.0    4.1  125.1
 C12 2014 07 02 22 07 00.0    3.8   49.0 2014 07 12 04 10 00.0   -4.0  127.2
 C12 2014 12 27  9 13  0.0   -3.8   49.9 2015  1  5  7 38  0.0    4.0  275.1
 C12 2015  6 21 18 28  0.0    3.8   49.8 2015  7  1 18  0  0.0   -4.2  255.0
 C12 2015 12 16 18 22  0.0   -3.7   48.5 2015 12 26  6  0  0.0    4.1  282.0
 C12 2016  6  9  1 51  0.0    3.8   48.9 2016  6 19  9 44  0.0   -4.0  127.1
 C12 2016 12  4  1 53  0.0   -3.9   52.0 2016 12 14  9 40  0.0    4.0  126.6
 C12 2017  5 27  7 32  0.0    3.9   50.9 2017  6  7 11 12  0.0   -4.0  320.3
 C13 2013 04 23 10 31 00.0    0.0    0.0 2013 05 01 12 05 00.0   -4.1  344.7
 C13 2013 10 21 15 50 00.0    0.0    0.0 2013 10 29 19 47 00.0   -4.1  344.7
 C13 2015 10 15  0  0  0.0   -3.1  103.8 2015 12 31 18  0  0.0    8.0  271.9
 C13 2016 12 18 21 21  0.0   -3.4   42.8 2016 12 28  2 36  0.0    4.1  124.8
 C13 2017  6 15 21 47  0.0    3.8   48.7 2017  6 26  3 12  0.0   -4.0  133.5
 C14 2013 04 22 20 09 00.0    0.0    0.0 2013 05 01 03 30 00.0   -4.1  344.7
 C14 2013 10 21 01 29 00.0    0.0    0.0 2013 10 29 05 29 00.0   -4.1  344.7
 C14 2014 04 13 07 06 00.0   -3.6   46.7 2014 04 21 08 51 30.0    4.0  269.7
 C14 2014 10 11 12 30 00.0    3.7   48.5 2014 10 19 08 14 00.0   -4.0  250.9
 C14 2015  4  3  5 30  0.0   -3.8   50.7 2015  4 11  4 28  0.0    4.0  343.8
 C14 2015 10  1 10 54  0.0    4.0   52.4 2015 10  9 11 43  0.0   -4.0   37.0
 C14 2016  3 23  5 19  0.0   -4.0   93.9 2016  3 31  7 50  0.0    4.1  126.0
 C14 2016  9 20 10 59  0.0    4.0  103.4 2016  9 28 13 30  0.0   -4.0  135.6
 C14 2017  3 13 14 52  0.0   -3.8   49.3 2017  3 21  9 25  0.0    4.0  219.0
 C15 2016  6 19 21 46  0.0    3.7   47.6 2016  6 29 21 50  0.0   -4.0   52.6
 C07 2017  7  7 19  1  0.0   -3.9   52.1 2017  7 20 10 11  0.0    4.0  283.6
 C10 2017  7  7 20 19  0.0   -3.6   46.1 2017  7 20  1 21  0.0    4.1  124.7
 C14 2017  9 10 20  6  0.0    3.6   46.3 2017  9 18 14  8  0.0   -4.0  201.6
 C09 2017 10  1 20 27  0.0    3.4   42.7 2017 10  9 11 28  0.0   -4.0  273.8
 C09 2018  3 27 21  4  0.0   -3.7   47.3 2017 10  9 11 28  0.0   -4.0  273.8
 C12 2017 11 21 20 15  0.0   -3.7   48.6 2017 12  2 17  4  0.0    4.0  126.3
 C11 2017 11 22 23 31  0.0   -3.3   42.0 2017 12  3  4 35  0.0    4.0   40.4
 C11 2017 11 22 10 51  0.0   -3.7   48.5 2017 12  3  4 35  0.0    4.0   40.4
 C08 2017 12 13 20 22  0.0   -4.0   52.6 2017 12 23 12 25  0.0    4.0  297.2
 C13 2017 12 14 21 32  0.0   -3.6   46.5 2017 12 24  9 54  0.0    4.0  235.8
 C07 2018  1  3 19 34  0.0    4.0   60.4 2018  1 15 14 24  0.0   -4.0  344.8
 C10 2018  1  3 20 22  0.0    3.7   47.5 2018  1 15  2 20  0.0   -4.0  140.6
 C09 2018  3 27 21  5  0.0   -3.7   47.5 2018  4  4 18 41  0.0    4.0   17.3
 C12 2018  5 13 11 22  0.0    3.9   51.8 2018  5 25 12 21  0.0   -4.0  195.6
 C11 2018  5 14  1 59  0.0    4.0   52.5 2018  5 26  2 56  0.0   -4.0  195.6
 C08 2018  6 11  0 30  0.0    4.0  112.9 2018  6 21  9 55  0.0   -4.0  257.3
 C13 2018  6 11 21 37  0.0    3.7   48.5 2018  6 22  6 31  0.0   -4.0  185.5
 C10 2018  7  2 20 33  0.0   -3.8   49.5 2018  7 15  1 24  0.0    4.1  125.5
 C07 2018  7  2 23 45  0.0   -4.0  122.9 2018  7 15 10 27  0.0    4.0  288.1
 C14 2018  8 31 18 22  0.0    3.6   46.4 2018  9  8 14 29  0.0   -4.0  259.7
 C14 9999  1  1  1  1  0.0    0.0    0.0 2018  9  8 14 29  0.0   -4.0  259.7
 C14 9999  1  1  1  1  0.0    0.0    0.0 2018  9  8 14 29  0.0   -4.0  259.7
 C14 9999  1  1  1  1  0.0    0.0    0.0 2018  9  8 14 29  0.0   -4.0  259.7
 C14 9999  1  1  1  1  0.0    0.0    0.0 2018  9  8 14 29  0.0   -4.0  259.7
