Zonal Tide Terms for UT1, LOD, and omega
Reference: Dennis D. McCarthy and Gerard Petit, IERS Conventions (2003), 
           IERS Technical Note 32, P.93, Table 8.1
NO.      ARGUMENTS           UT1-UT1S              d-dS              w-wS         PERIOD
      l  l' F  D  O        Sin      Cos        Cos     Sin       Cos      Sin       days 
-----------------------------------------------------------------------------------------
  1   1  0  2  2  2     -0.0200  +0.0000   +0.2600  +0.0000   -0.2200  +0.0000      5.64
  2   2  0  2  0  1     -0.0400  +0.0000   +0.3800  +0.0000   -0.3200  +0.0000      6.85
  3   2  0  2  0  2     -0.1000  +0.0000   +0.9100  +0.0000   -0.7600  +0.0000      6.86
  4   0  0  2  2  1     -0.0500  +0.0000   +0.4500  +0.0000   -0.3800  +0.0000      7.09
  5   0  0  2  2  2     -0.1200  +0.0000   +1.0900  +0.0000   -0.9200  +0.0000      7.10
  6   1  0  2  0  0     -0.0400  +0.0000   +0.2700  +0.0000   -0.2200  +0.0000      9.11
  7   1  0  2  0  1     -0.4100  +0.0000   +2.8400  +0.0200   -2.4000  -0.0100      9.12
  8   1  0  2  0  2     -1.0000  +0.0100   +6.8500  +0.0400   -5.7800  -0.0300      9.13
  9   3  0  0  0  0     -0.0200  +0.0000   +0.1200  +0.0000   -0.1100  +0.0000      9.18
 10  -1  0  2  2  1     -0.0800  +0.0000   +0.5400  +0.0000   -0.4600  +0.0000      9.54
 11  -1  0  2  2  2     -0.2000  +0.0000   +1.3000  +0.0100   -1.1000  -0.0100      9.56
 12   1  0  0  2  0     -0.0800  +0.0000   +0.5000  +0.0000   -0.4200  +0.0000      9.61
 13   2  0  2 -2  2     +0.0200  +0.0000   -0.1100  +0.0000   +0.0900  +0.0000     12.81
 14   0  1  2  0  2     +0.0300  +0.0000   -0.1200  +0.0000   +0.1000  +0.0000     13.17
 15   0  0  2  0  0     -0.3000  +0.0000   +1.3900  +0.0100   -1.1700  -0.0100     13.61
 16   0  0  2  0  1     -3.2200  +0.0200  +14.8600  +0.0900  -12.5400  -0.0800     13.63
 17   0  0  2  0  2     -7.7900  +0.0500  +35.8400  +0.2200  -30.2500  -0.1800     13.66
 18   2  0  0  0 -1     +0.0200  +0.0000   -0.1000  +0.0000   +0.0800  +0.0000     13.75
 19   2  0  0  0  0     -0.3400  +0.0000   +1.5500  +0.0100   -1.3100  -0.0100     13.78
 20   2  0  0  0  1     +0.0200  +0.0000   -0.0800  +0.0000   +0.0700  +0.0000     13.81
 21   0 -1  2  0  2     -0.0200  +0.0000   +0.1100  +0.0000   -0.0900  +0.0000     14.19
 22   0  0  0  2 -1     +0.0500  +0.0000   -0.2000  +0.0000   +0.1700  +0.0000     14.73
 23   0  0  0  2  0     -0.7400  +0.0000   +3.1400  +0.0200   -2.6500  -0.0200     14.77
 24   0  0  0  2  1     -0.0500  +0.0000   +0.2200  +0.0000   -0.1900  +0.0000     14.80
 25   0 -1  0  2  0     -0.0500  +0.0000   +0.2100  +0.0000   -0.1700  +0.0000     15.39
 26   1  0  2 -2  1     +0.0500  +0.0000   -0.1300  +0.0000   +0.1100  +0.0000     23.86
 27   1  0  2 -2  2     +0.1000  +0.0000   -0.2600  +0.0000   +0.2200  +0.0000     23.94
 28   1  1  0  0  0     +0.0400  +0.0000   -0.1000  +0.0000   +0.0800  +0.0000     25.62
 29  -1  0  2  0  0     +0.0500  +0.0000   -0.1100  +0.0000   +0.0900  +0.0000     26.88
 30  -1  0  2  0  1     +0.1800  +0.0000   -0.4100  +0.0000   +0.3500  +0.0000     26.98
 31  -1  0  2  0  2     +0.4400  +0.0000   -1.0200  -0.0100   +0.8600  +0.0100     27.09
 32   1  0  0  0 -1     +0.5400  +0.0000   -1.2300  -0.0100   +1.0400  +0.0100     27.44
 33   1  0  0  0  0     -8.3300  +0.0600  +18.9900  +0.1300  -16.0300  -0.1100     27.56
 34   1  0  0  0  1     +0.5500  +0.0000   -1.2500  -0.0100   +1.0500  +0.0100     27.67
 35   0  0  0  1  0     +0.0500  +0.0000   -0.1100  +0.0000   +0.0900  +0.0000     29.53
 36   1 -1  0  0  0     -0.0600  +0.0000   +0.1200  +0.0000   -0.1000  +0.0000     29.80
 37  -1  0  0  2 -1     +0.1200  +0.0000   -0.2400  +0.0000   +0.2000  +0.0000     31.66
 38  -1  0  0  2  0     -1.8400  +0.0100   +3.6300  +0.0200   -3.0700  -0.0200     31.81
 39  -1  0  0  2  1     +0.1300  +0.0000   -0.2600  +0.0000   +0.2200  +0.0000     31.96
 40   1  0 -2  2 -1     +0.0200  +0.0000   -0.0400  +0.0000   +0.0300  +0.0000     32.61
 41  -1 -1  0  2  0     -0.0900  +0.0000   +0.1600  +0.0000   -0.1300  +0.0000     34.85
 42   0  2  2 -2  2     -0.0600  +0.0000   +0.0400  +0.0000   -0.0300  +0.0000     91.31
 43   0  1  2 -2  1     +0.0300  +0.0000   -0.0200  +0.0000   +0.0100  +0.0000    119.61
 44   0  1  2 -2  2     -1.9100  +0.0200   +0.9800  +0.0100   -0.8300  -0.0100    121.75
 45   0  0  2 -2  0     +0.2600  +0.0000   -0.0900  +0.0000   +0.0800  +0.0000    173.31
 46   0  0  2 -2  1     +1.1800  -0.0100   -0.4200  +0.0000   +0.3500  +0.0000    177.84
 47   0  0  2 -2  2    -49.0600  +0.4300  +16.8800  +0.1500  -14.2500  -0.1300    182.62
 48   0  2  0  0  0     -0.2000  +0.0000   +0.0700  +0.0000   -0.0600  +0.0000    182.63
 49   2  0  0 -2 -1     +0.0500  +0.0000   -0.0200  +0.0000   +0.0100  +0.0000    199.84
 50   2  0  0 -2  0     -0.5600  +0.0100   +0.1700  +0.0000   -0.1400  +0.0000    205.89
 51   2  0  0 -2  1     +0.0400  +0.0000   -0.0100  +0.0000   +0.0100  +0.0000    212.32
 52   0 -1  2 -2  1     -0.0500  +0.0000   +0.0100  +0.0000   -0.0100  +0.0000    346.60
 53   0  1  0  0 -1     +0.0900  +0.0000   -0.0200  +0.0000   +0.0100  +0.0000    346.64
 54   0 -1  2 -2  2     +0.8200  -0.0100   -0.1400  +0.0000   +0.1200  +0.0000    365.22
 55   0  1  0  0  0    -15.6500  +0.1500   +2.6900  +0.0300   -2.2700  -0.0200    365.26
 56   0  1  0  0  1     -0.1400  +0.0000   +0.0200  +0.0000   -0.0200  +0.0000    386.00 
 57   1  0  0 -1  0     +0.0300  +0.0000   +0.0000  +0.0000   +0.0000  +0.0000    411.78
 58   2  0 -2  0  0     -0.1400  +0.0000   -0.0100  +0.0000   +0.0100  +0.0000   1095.17
 59  -2  0  2  0  1     +0.4300  -0.0100   -0.0200  +0.0000   +0.0200  +0.0000   1305.47
 60  -1  1  0  1  0     -0.0400  +0.0000   +0.0000  +0.0000   +0.0000  +0.0000   3232.85
 61   0  0  0  0  2     +8.2000  +0.1100   +0.1500  +0.0000   -0.1300  +0.0000   3399.18
 62   0  0  0  0  1  -1689.5400 -25.0400  -15.6200  +0.2300  +13.1800  -0.2000   6790.36