Zonal Tide Terms for UT1, LOD, and omega
Reference: Dennis D. McCarthy, IERS Conventions (1996), IERS Technical
           Note 21, P.75, Table 8.2
NO.      ARGUMENTS           UT1-UT1S              d-dS              w-wS         PERIOD
      l  l' F  D  O        Sin      Cos        Cos     Sin       Cos      Sin       days 
-----------------------------------------------------------------------------------------
  1   1  0  2  2  2     -0.0200  +0.0000   +0.3000  +0.0000   -0.2000  +0.0000      5.64
  2   2  0  2  0  1     -0.0400  +0.0000   +0.4000  +0.0000   -0.3000  +0.0000      6.85
  3   2  0  2  0  2     -0.1000  +0.0000   +0.9000  +0.0000   -0.8000  +0.0000      6.86
  4   0  0  2  2  1     -0.0500  +0.0000   +0.4000  +0.0000   -0.4000  +0.0000      7.09
  5   0  0  2  2  2     -0.1200  +0.0000   +1.1000  +0.0000   -0.9000  +0.0000      7.10
  6   1  0  2  0  0     -0.0400  +0.0000   +0.3000  +0.0000   -0.2000  +0.0000      9.11
  7   1  0  2  0  1     -0.4000  +0.0100   +2.7000  +0.1000   -2.3000  -0.1000      9.12
  8   1  0  2  0  2     -0.9800  +0.0300   +6.7000  +0.2000   -5.7000  -0.2000      9.13
  9   3  0  0  0  0     -0.0200  +0.0000   +0.1000  +0.0000   -0.1000  +0.0000      9.18
 10  -1  0  2  2  1     -0.0800  +0.0000   +0.5000  +0.0000   -0.5000  +0.0000      9.54
 11  -1  0  2  2  2     -0.2000  +0.0000   +1.3000  +0.0000   -1.1000  +0.0000      9.56
 12   1  0  0  2  0     -0.0800  +0.0000   +0.5000  +0.0000   -0.4000  +0.0000      9.61
 13   2  0  2 -2  2     +0.0200  +0.0000   -0.1000  +0.0000   +0.1000  +0.0000     12.81
 14   0  1  2  0  2     +0.0300  +0.0000   -0.1000  +0.0000   +0.1000  +0.0000     13.17
 15   0  0  2  0  0     -0.3000  +0.0000   +1.4000  +0.0000   -1.2000  +0.0000     13.61
 16   0  0  2  0  1     -3.2000  +0.0900  +14.7000  +0.4000  -12.4000  -0.4000     13.63
 17   0  0  2  0  2     -7.7300  +0.2100  +35.6000  +1.0000  -30.0000  -0.8000     13.66
 18   2  0  0  0 -1     +0.0200  +0.0000   -0.1000  +0.0000   +0.1000  +0.0000     13.75
 19   2  0  0  0  0     -0.3400  +0.0000   +1.5000  +0.0000   -1.3000  +0.0000     13.78
 20   2  0  0  0  1     +0.0200  +0.0000   -0.1000  +0.0000   +0.1000  +0.0000     13.81
 21   0 -1  2  0  2     -0.0200  +0.0000   +0.1000  +0.0000   -0.1000  +0.0000     14.19
 22   0  0  0  2 -1     +0.0500  +0.0000   -0.2000  +0.0000   +0.2000  +0.0000     14.73
 23   0  0  0  2  0     -0.7200  +0.0200   +3.1000  +0.1000   -2.6000  -0.1000     14.77
 24   0  0  0  2  1     -0.0500  +0.0000   +0.2000  +0.0000   -0.2000  +0.0000     14.80
 25   0 -1  0  2  0     -0.0500  +0.0000   +0.2000  +0.0000   -0.2000  +0.0000     15.39
 26   1  0  2 -2  1     +0.0500  +0.0000   -0.1000  +0.0000   +0.1000  +0.0000     23.86
 27   1  0  2 -2  2     +0.1000  +0.0000   -0.3000  +0.0000   +0.2000  +0.0000     23.94
 28   1  1  0  0  0     +0.0400  +0.0000   -0.1000  +0.0000   +0.1000  +0.0000     25.62
 29  -1  0  2  0  0     +0.0500  +0.0000   -0.1000  +0.0000   +0.1000  +0.0000     26.88
 30  -1  0  2  0  1     +0.1800  +0.0000   -0.4000  +0.0000   +0.3000  +0.0000     26.98
 31  -1  0  2  0  2     +0.4400  +0.0000   -1.0000  +0.0000   +0.9000  +0.0000     27.09
 32   1  0  0  0 -1     +0.5300  +0.0000   -1.2000  +0.0000   +1.0000  +0.0000     27.44
 33   1  0  0  0  0     -8.3300  +0.1200  +19.0000  +0.3000  -16.0000  -0.2000     27.56
 34   1  0  0  0  1     +0.5400  +0.0000   -1.2000  +0.0000   +1.0000  +0.0000     27.67
 35   0  0  0  1  0     +0.0500  +0.0000   -0.1000  +0.0000   +0.1000  +0.0000     29.53
 36   1 -1  0  0  0     -0.0600  +0.0000   +0.1000  +0.0000   -0.1000  +0.0000     29.80
 37  -1  0  0  2 -1     +0.1200  +0.0000   -0.2000  +0.0000   +0.2000  +0.0000     31.66
 38  -1  0  0  2  0     -1.8400  +0.0200   +3.6000  +0.0000   -3.0000  +0.0000     31.81
 39  -1  0  0  2  1     +0.1300  +0.0000   -0.3000  +0.0000   +0.2000  +0.0000     31.96
 40   1  0 -2  2 -1     +0.0200  +0.0000   +0.0000  +0.0000   +0.0000  +0.0000     32.61
 41  -1 -1  0  2  0     -0.0900  +0.0000   +0.2000  +0.0000   -0.1000  +0.0000     34.85
 42   0  2  2 -2  2     -0.0600  +0.0000   +0.0000  +0.0000   +0.0000  +0.0000     91.31
 43   0  1  2 -2  1     +0.0300  +0.0000   +0.0000  +0.0000   +0.0000  +0.0000    119.61
 44   0  1  2 -2  2     -1.8800  +0.0000   +1.0000  +0.0000   -0.8000  +0.0000    121.75
 45   0  0  2 -2  0     +0.2500  +0.0000   -0.1000  +0.0000   +0.1000  +0.0000    173.31
 46   0  0  2 -2  1     +1.1700  +0.0000   -0.4000  +0.0000   +0.3000  +0.0000    177.84
 47   0  0  2 -2  2    -48.8400  +0.1100  +16.8000  +0.0000  -14.2000  +0.0000    182.62
 48   0  2  0  0  0     -0.1900  +0.0000   +0.1000  +0.0000   -0.1000  +0.0000    182.63
 49   2  0  0 -2 -1     +0.0500  +0.0000   +0.0000  +0.0000   +0.0000  +0.0000    199.84
 50   2  0  0 -2  0     -0.5500  +0.0000   +0.2000  +0.0000   -0.1000  +0.0000    205.89
 51   2  0  0 -2  1     +0.0400  +0.0000   +0.0000  +0.0000   +0.0000  +0.0000    212.32
 52   0 -1  2 -2  1     -0.0500  +0.0000   +0.0000  +0.0000   +0.0000  +0.0000    346.60
 53   0  1  0  0 -1     +0.0900  +0.0000   +0.0000  +0.0000   +0.0000  +0.0000    346.64
 54   0 -1  2 -2  2     +0.8300  +0.0000   -0.1000  +0.0000   +0.1000  +0.0000    365.22
 55   0  1  0  0  0    -15.5500  +0.0200   +2.6000  +0.0000   -2.2000  +0.0000    365.26
 56   0  1  0  0  1     -0.1400  +0.0000   +0.0000  +0.0000   +0.0000  +0.0000    386.00 
 57   1  0  0 -1  0     +0.0300  +0.0000   +0.0000  +0.0000   +0.0000  +0.0000    411.78
 58   2  0 -2  0  0     -0.1400  +0.0000   +0.0000  +0.0000   +0.0000  +0.0000   1095.17
 59  -2  0  2  0  1     +0.4200  +0.0000   +0.0000  +0.0000   +0.0000  +0.0000   1305.47
 60  -1  1  0  1  0     +0.0400  +0.0000   +0.0000  +0.0000   +0.0000  +0.0000   3232.85
 61   0  0  0  0  2     +7.9000  +0.0000   +0.1000  +0.0000   -0.1000  +0.0000   3399.18
 62   0  0  0  0  1  -1637.6800  -0.1000  -10.4000  +0.0000   +8.8000  +0.0000   6790.36