Single-Difference Ambiguity Constraint                      COMMENT
    SD                                                      TYPE OF CONSTRAINT
    100.0                                                   WL-FIX PERCENTAGE
    100.0                                                   NL-FIX PERCENTAGE
                                                            END OF HEADER
YFGT G09 G17 0 2015 11 21 03 00 30.000000 2015 11 21 03 44 30.000000       8740488       6451179
YFGT G09 G05 0 2015 11 21 03 00 30.000000 2015 11 21 03 44 30.000000       8464678       7964537
YFGT G09 G20 0 2015 11 21 03 09 30.000000 2015 11 21 03 44 30.000000      13473373      11830415
YFGT G09 G25 0 2015 11 21 03 00 30.000000 2015 11 21 03 44 30.000000       -173326       1944544
YFGT G09 G12 0 2015 11 21 03 00 30.000000 2015 11 21 03 44 30.000000       3878567       4906039
YFGT G09 G06 0 2015 11 21 03 00 30.000000 2015 11 21 03 44 30.000000       6111065       5518230
YFGT G09 G02 0 2015 11 21 03 00 30.000000 2015 11 21 03 44 30.000000       8114150       7262049
YFGT G09 G13 0 2015 11 21 03 00 30.000000 2015 11 21 03 44 30.000000       6306486       5318516
YFGT G17 G13 0 2015 11 21 03 00 30.000000 2015 11 21 04 06  0.000000      -2434002      -1132663
YFGT G17 G05 0 2015 11 21 03 00 30.000000 2015 11 21 04 06  0.000000       -275810       1513358
YFGT G17 G20 0 2015 11 21 03 09 30.000000 2015 11 21 04 06  0.000000       4732885       5379236
YFGT G17 G25 0 2015 11 21 03 00 30.000000 2015 11 21 04 06  0.000000      -8913814      -4506635
YFGT G17 G12 0 2015 11 21 03 00 30.000000 2015 11 21 04 06  0.000000      -4861921      -1545140
YFGT G17 G06 0 2015 11 21 03 00 30.000000 2015 11 21 04 06  0.000000      -2629423       -932949
YFGT G17 G02 0 2015 11 21 03 00 30.000000 2015 11 21 04 06  0.000000       -626338        810870
YFGT G25 G13 0 2015 11 21 03 00 30.000000 2015 11 21 04 20 30.000000       6479812       3373972
YFGT G25 G05 0 2015 11 21 03 00 30.000000 2015 11 21 04 20 30.000000       8638004       6019993
YFGT G25 G15 0 2015 11 21 03 58  0.000000 2015 11 21 04 20 30.000000      14128887       4750369
YFGT G25 G20 0 2015 11 21 03 09 30.000000 2015 11 21 04 20 30.000000      13646699       9885871
YFGT G25 G12 0 2015 11 21 03 00 30.000000 2015 11 21 04 20 30.000000       4051893       2961495
YFGT G25 G06 0 2015 11 21 03 00 30.000000 2015 11 21 04 20 30.000000       6284391       3573686
YFGT G25 G02 0 2015 11 21 03 00 30.000000 2015 11 21 04 20 30.000000       8287476       5317505
YFGT G12 G13 0 2015 11 21 03 00 30.000000 2015 11 21 04 38  0.000000       2427919        412477
YFGT G12 G05 0 2015 11 21 03 00 30.000000 2015 11 21 04 38  0.000000       4586111       3058498
YFGT G12 G29 0 2015 11 21 04 07 30.000000 2015 11 21 04 38  0.000000      -4372453      -6067826
YFGT G12 G15 0 2015 11 21 03 58  0.000000 2015 11 21 04 38  0.000000      10076994       1788874
YFGT G12 G20 0 2015 11 21 03 09 30.000000 2015 11 21 04 38  0.000000       9594806       6924376
YFGT G12 G06 0 2015 11 21 03 00 30.000000 2015 11 21 04 38  0.000000       2232498        612191
YFGT G12 G02 0 2015 11 21 03 00 30.000000 2015 11 21 04 38  0.000000       4235583       2356010
YFGT G06 G13 0 2015 11 21 03 00 30.000000 2015 11 21 05 49  0.000000        195421       -199714
YFGT G06 G05 0 2015 11 21 03 00 30.000000 2015 11 21 05 49  0.000000       2353613       2446307
YFGT G06 G29 0 2015 11 21 04 07 30.000000 2015 11 21 05 49  0.000000      -6604951      -6680017
YFGT G06 G15 0 2015 11 21 03 58  0.000000 2015 11 21 05 49  0.000000       7844496       1176683
YFGT G06 G20 0 2015 11 21 03 09 30.000000 2015 11 21 05 49  0.000000       7362308       6312185
YFGT G06 G02 0 2015 11 21 03 00 30.000000 2015 11 21 05 49  0.000000       2003085       1743819
YFGT G02 G13 0 2015 11 21 03 00 30.000000 2015 11 21 07 31 30.000000      -1807664      -1943533
YFGT G02 G20 0 2015 11 21 03 09 30.000000 2015 11 21 07 31 30.000000       5359223       4568366
YFGT G02 G24 0 2015 11 21 06 01 30.000000 2015 11 21 07 31 30.000000       8240572       4123508
YFGT G02 G21 0 2015 11 21 06 16 30.000000 2015 11 21 07 31 30.000000      -1656038      -3285977
YFGT G02 G18 0 2015 11 21 06 34  0.000000 2015 11 21 07 31 30.000000      -6464143      -5856588
YFGT G02 G05 0 2015 11 21 03 00 30.000000 2015 11 21 07 31 30.000000        350528        702488
YFGT G02 G29 0 2015 11 21 04 07 30.000000 2015 11 21 07 31 30.000000      -8608036      -8423836
YFGT G02 G15 0 2015 11 21 03 58  0.000000 2015 11 21 07 31 30.000000       5841411       -567136
YFGT G13 G20 0 2015 11 21 03 09 30.000000 2015 11 21 08 22 30.000000       7166887       6511899
YFGT G13 G24 0 2015 11 21 06 01 30.000000 2015 11 21 08 22 30.000000      10048236       6067041
YFGT G13 G21 0 2015 11 21 06 16 30.000000 2015 11 21 08 22 30.000000        151626      -1342444
YFGT G13 G18 0 2015 11 21 06 34  0.000000 2015 11 21 08 22 30.000000      -4656479      -3913055
YFGT G13 G05 0 2015 11 21 03 00 30.000000 2015 11 21 08 22 30.000000       2158192       2646021
YFGT G13 G29 0 2015 11 21 04 07 30.000000 2015 11 21 08 22 30.000000      -6800372      -6480303
YFGT G13 G15 0 2015 11 21 03 58  0.000000 2015 11 21 08 22 30.000000       7649075       1376397
YFGT G05 G29 0 2015 11 21 04 07 30.000000 2015 11 21 08 30 30.000000      -8958564      -9126324
YFGT G05 G15 0 2015 11 21 03 58  0.000000 2015 11 21 08 30 30.000000       5490883      -1269624
YFGT G05 G20 0 2015 11 21 03 09 30.000000 2015 11 21 08 30 30.000000       5008695       3865878
YFGT G05 G24 0 2015 11 21 06 01 30.000000 2015 11 21 08 30 30.000000       7890044       3421020
YFGT G05 G21 0 2015 11 21 06 16 30.000000 2015 11 21 08 30 30.000000      -2006566      -3988465
YFGT G05 G18 0 2015 11 21 06 34  0.000000 2015 11 21 08 30 30.000000      -6814671      -6559076
YFGT G29 G14 0 2015 11 21 08 11  0.000000 2015 11 21 08 49 30.000000       9930702       6261981
YFGT G29 G15 0 2015 11 21 04 07 30.000000 2015 11 21 08 49 30.000000      14449447       7856700
YFGT G29 G20 0 2015 11 21 04 07 30.000000 2015 11 21 08 49 30.000000      13967259      12992202
YFGT G29 G24 0 2015 11 21 06 01 30.000000 2015 11 21 08 49 30.000000      16848608      12547344
YFGT G29 G21 0 2015 11 21 06 16 30.000000 2015 11 21 08 49 30.000000       6951998       5137859
YFGT G29 G18 0 2015 11 21 06 34  0.000000 2015 11 21 08 49 30.000000       2143893       2567248
YFGT G15 G24 0 2015 11 21 06 01 30.000000 2015 11 21 10 45 30.000000       2399161       4690644
YFGT G15 G21 0 2015 11 21 06 16 30.000000 2015 11 21 10 45 30.000000      -7497449      -2718841
YFGT G15 G12 0 2015 11 21 08 43 30.000000 2015 11 21 10 45 30.000000      -8402396         71839
YFGT G15 G18 0 2015 11 21 06 34  0.000000 2015 11 21 10 45 30.000000     -12305554      -5289452
YFGT G15 G25 0 2015 11 21 09 15 30.000000 2015 11 21 10 45 30.000000      -6260244       -336533
YFGT G15 G22 0 2015 11 21 08 45 30.000000 2015 11 21 10 45 30.000000     -10834646      -4467129
YFGT G15 G14 0 2015 11 21 08 11  0.000000 2015 11 21 10 45 30.000000      -4518745      -1594719
YFGT G15 G31 0 2015 11 21 10 20  0.000000 2015 11 21 10 45 30.000000      -8859594      -4926482
YFGT G15 G20 0 2015 11 21 03 58  0.000000 2015 11 21 10 45 30.000000       -482188       5135502
YFGT G20 G25 0 2015 11 21 09 15 30.000000 2015 11 21 11 00  0.000000      -5778056      -5472035
YFGT G20 G22 0 2015 11 21 08 45 30.000000 2015 11 21 11 00  0.000000     -10352458      -9602631
YFGT G20 G14 0 2015 11 21 08 11  0.000000 2015 11 21 11 00  0.000000      -4036557      -6730221
YFGT G20 G31 0 2015 11 21 10 20  0.000000 2015 11 21 11 00  0.000000      -8377406     -10061984
YFGT G20 G24 0 2015 11 21 06 01 30.000000 2015 11 21 11 00  0.000000       2881349       -444858
YFGT G20 G21 0 2015 11 21 06 16 30.000000 2015 11 21 11 00  0.000000      -7015261      -7854343
YFGT G20 G12 0 2015 11 21 08 43 30.000000 2015 11 21 11 00  0.000000      -7920208      -5063663
YFGT G20 G18 0 2015 11 21 06 34  0.000000 2015 11 21 11 00  0.000000     -11823366     -10424954
YFGT G24 G31 0 2015 11 21 10 20  0.000000 2015 11 21 11 21 30.000000     -11258755      -9617126
YFGT G24 G21 0 2015 11 21 06 16 30.000000 2015 11 21 11 21 30.000000      -9896610      -7409485
YFGT G24 G12 0 2015 11 21 08 43 30.000000 2015 11 21 11 21 30.000000     -10801557      -4618805
YFGT G24 G18 0 2015 11 21 06 34  0.000000 2015 11 21 11 21 30.000000     -14704715      -9980096
YFGT G24 G25 0 2015 11 21 09 15 30.000000 2015 11 21 11 21 30.000000      -8659405      -5027177
YFGT G24 G22 0 2015 11 21 08 45 30.000000 2015 11 21 11 21 30.000000     -13233807      -9157773
YFGT G24 G14 0 2015 11 21 08 11  0.000000 2015 11 21 11 21 30.000000      -6917906      -6285363
YFGT G21 G25 0 2015 11 21 09 15 30.000000 2015 11 21 11 43 30.000000       1237205       2382308
YFGT G21 G22 0 2015 11 21 08 45 30.000000 2015 11 21 11 43 30.000000      -3337197      -1748288
YFGT G21 G14 0 2015 11 21 08 11  0.000000 2015 11 21 11 43 30.000000       2978704       1124122
YFGT G21 G31 0 2015 11 21 10 20  0.000000 2015 11 21 11 43 30.000000      -1362145      -2207641
YFGT G21 G12 0 2015 11 21 08 43 30.000000 2015 11 21 11 43 30.000000       -904947       2790680
YFGT G21 G18 0 2015 11 21 06 34  0.000000 2015 11 21 11 43 30.000000      -4808105      -2570611
YFGT G12 G32 0 2015 11 21 12 07  0.000000 2015 11 21 12 28  0.000000      -1172059        848602
YFGT G12 G31 0 2015 11 21 10 20  0.000000 2015 11 21 12 28  0.000000       -457198      -4998321
YFGT G12 G26 0 2015 11 21 11 48 30.000000 2015 11 21 12 28  0.000000       3127175       4320098
YFGT G12 G18 0 2015 11 21 08 43 30.000000 2015 11 21 12 28  0.000000      -3903158      -5361291
YFGT G12 G25 0 2015 11 21 09 15 30.000000 2015 11 21 12 28  0.000000       2142152       -408372
YFGT G12 G22 0 2015 11 21 08 45 30.000000 2015 11 21 12 28  0.000000      -2432250      -4538968
YFGT G12 G14 0 2015 11 21 08 43 30.000000 2015 11 21 12 28  0.000000       3883651      -1666558
YFGT G18 G25 0 2015 11 21 09 15 30.000000 2015 11 21 13 22 30.000000       6045310       4952919
YFGT G18 G22 0 2015 11 21 08 45 30.000000 2015 11 21 13 22 30.000000       1470908        822323
YFGT G18 G29 0 2015 11 21 12 33 30.000000 2015 11 21 13 22 30.000000      14987291      11971192
YFGT G18 G14 0 2015 11 21 08 11  0.000000 2015 11 21 13 22 30.000000       7786809       3694733
YFGT G18 G32 0 2015 11 21 12 07  0.000000 2015 11 21 13 22 30.000000       2731099       6209893
YFGT G18 G31 0 2015 11 21 10 20  0.000000 2015 11 21 13 22 30.000000       3445960        362970
YFGT G18 G26 0 2015 11 21 11 48 30.000000 2015 11 21 13 22 30.000000       7030333       9681389
YFGT G18 G16 0 2015 11 21 12 55 30.000000 2015 11 21 13 22 30.000000       2721937       5645997
YFGT G25 G16 0 2015 11 21 12 55 30.000000 2015 11 21 14 01  0.000000      -3323373        693078
YFGT G25 G22 0 2015 11 21 09 15 30.000000 2015 11 21 14 01  0.000000      -4574402      -4130596
YFGT G25 G29 0 2015 11 21 12 33 30.000000 2015 11 21 14 01  0.000000       8941981       7018273
YFGT G25 G14 0 2015 11 21 09 15 30.000000 2015 11 21 14 01  0.000000       1741499      -1258186
YFGT G25 G03 0 2015 11 21 13 36 30.000000 2015 11 21 14 01  0.000000      -5953488      -1881377
YFGT G25 G32 0 2015 11 21 12 07  0.000000 2015 11 21 14 01  0.000000      -3314211       1256974
YFGT G25 G31 0 2015 11 21 10 20  0.000000 2015 11 21 14 01  0.000000      -2599350      -4589949
YFGT G25 G26 0 2015 11 21 11 48 30.000000 2015 11 21 14 01  0.000000        985023       4728470
YFGT G22 G14 0 2015 11 21 08 45 30.000000 2015 11 21 14 43 30.000000       6315901       2872410
YFGT G22 G03 0 2015 11 21 13 36 30.000000 2015 11 21 14 43 30.000000      -1379086       2249219
YFGT G22 G32 0 2015 11 21 12 07  0.000000 2015 11 21 14 43 30.000000       1260191       5387570
YFGT G22 G31 0 2015 11 21 10 20  0.000000 2015 11 21 14 43 30.000000       1975052       -459353
YFGT G22 G26 0 2015 11 21 11 48 30.000000 2015 11 21 14 43 30.000000       5559425       8859066
YFGT G22 G16 0 2015 11 21 12 55 30.000000 2015 11 21 14 43 30.000000       1251029       4823674
YFGT G22 G29 0 2015 11 21 12 33 30.000000 2015 11 21 14 43 30.000000      13516383      11148869
YFGT G29 G14 0 2015 11 21 12 33 30.000000 2015 11 21 15 17  0.000000      -7200482      -8276459
YFGT G29 G03 0 2015 11 21 13 36 30.000000 2015 11 21 15 17  0.000000     -14895469      -8899650
YFGT G29 G32 0 2015 11 21 12 33 30.000000 2015 11 21 15 17  0.000000     -12256192      -5761299
YFGT G29 G31 0 2015 11 21 12 33 30.000000 2015 11 21 15 17  0.000000     -11541331     -11608222
YFGT G29 G26 0 2015 11 21 12 33 30.000000 2015 11 21 15 17  0.000000      -7956958      -2289803
YFGT G29 G16 0 2015 11 21 12 55 30.000000 2015 11 21 15 17  0.000000     -12265354      -6325195
YFGT G29 G27 0 2015 11 21 14 37  0.000000 2015 11 21 15 17  0.000000     -14618551      -8952868
YFGT G14 G16 0 2015 11 21 12 55 30.000000 2015 11 21 16 03 30.000000      -5064872       1951264
YFGT G14 G23 0 2015 11 21 15 00  0.000000 2015 11 21 16 03 30.000000        157061       3814864
YFGT G14 G27 0 2015 11 21 14 37  0.000000 2015 11 21 16 03 30.000000      -7418069       -676409
YFGT G14 G08 0 2015 11 21 15 40 30.000000 2015 11 21 16 03 30.000000      -6236576       -547708
YFGT G14 G03 0 2015 11 21 13 36 30.000000 2015 11 21 16 03 30.000000      -7694987       -623191
YFGT G14 G32 0 2015 11 21 12 07  0.000000 2015 11 21 16 03 30.000000      -5055710       2515160
YFGT G14 G31 0 2015 11 21 10 20  0.000000 2015 11 21 16 03 30.000000      -4340849      -3331763
YFGT G14 G26 0 2015 11 21 11 48 30.000000 2015 11 21 16 03 30.000000       -756476       5986656
YFGT G03 G16 0 2015 11 21 13 36 30.000000 2015 11 21 16 53  0.000000       2630115       2574455
YFGT G03 G23 0 2015 11 21 15 00  0.000000 2015 11 21 16 53  0.000000       7852048       4438055
YFGT G03 G27 0 2015 11 21 14 37  0.000000 2015 11 21 16 53  0.000000        276918        -53218
YFGT G03 G09 0 2015 11 21 16 30 30.000000 2015 11 21 16 53  0.000000       -702164        646900
YFGT G03 G08 0 2015 11 21 15 40 30.000000 2015 11 21 16 53  0.000000       1458411         75483
YFGT G03 G32 0 2015 11 21 13 36 30.000000 2015 11 21 16 53  0.000000       2639277       3138351
YFGT G03 G31 0 2015 11 21 13 36 30.000000 2015 11 21 16 53  0.000000       3354138      -2708572
YFGT G03 G26 0 2015 11 21 13 36 30.000000 2015 11 21 16 53  0.000000       6938511       6609847
YFGT G32 G27 0 2015 11 21 14 37  0.000000 2015 11 21 16 59 30.000000      -2362359      -3191569
YFGT G32 G09 0 2015 11 21 16 30 30.000000 2015 11 21 16 59 30.000000      -3341441      -2491451
YFGT G32 G08 0 2015 11 21 15 40 30.000000 2015 11 21 16 59 30.000000      -1180866      -3062868
YFGT G32 G31 0 2015 11 21 12 07  0.000000 2015 11 21 16 59 30.000000        714861      -5846923
YFGT G32 G26 0 2015 11 21 12 07  0.000000 2015 11 21 16 59 30.000000       4299234       3471496
YFGT G32 G16 0 2015 11 21 12 55 30.000000 2015 11 21 16 59 30.000000         -9162       -563896
YFGT G32 G23 0 2015 11 21 15 00  0.000000 2015 11 21 16 59 30.000000       5212771       1299704
YFGT G31 G27 0 2015 11 21 14 37  0.000000 2015 11 21 17 56 30.000000      -3077220       2655354
YFGT G31 G09 0 2015 11 21 16 30 30.000000 2015 11 21 17 56 30.000000      -4056302       3355472
YFGT G31 G08 0 2015 11 21 15 40 30.000000 2015 11 21 17 56 30.000000      -1895727       2784055
YFGT G31 G11 0 2015 11 21 17 24 30.000000 2015 11 21 17 56 30.000000        325052       1648890
YFGT G31 G26 0 2015 11 21 11 48 30.000000 2015 11 21 17 56 30.000000       3584373       9318419
YFGT G31 G16 0 2015 11 21 12 55 30.000000 2015 11 21 17 56 30.000000       -724023       5283027
YFGT G31 G23 0 2015 11 21 15 00  0.000000 2015 11 21 17 56 30.000000       4497910       7146627
YFGT G26 G27 0 2015 11 21 14 37  0.000000 2015 11 21 18 23  0.000000      -6661593      -6663065
YFGT G26 G09 0 2015 11 21 16 30 30.000000 2015 11 21 18 23  0.000000      -7640675      -5962947
YFGT G26 G08 0 2015 11 21 15 40 30.000000 2015 11 21 18 23  0.000000      -5480100      -6534364
YFGT G26 G07 0 2015 11 21 17 47  0.000000 2015 11 21 18 23  0.000000       4033916      -3714138
YFGT G26 G11 0 2015 11 21 17 24 30.000000 2015 11 21 18 23  0.000000      -3259321      -7669529
YFGT G26 G16 0 2015 11 21 12 55 30.000000 2015 11 21 18 23  0.000000      -4308396      -4035392
YFGT G26 G23 0 2015 11 21 15 00  0.000000 2015 11 21 18 23  0.000000        913537      -2171792
YFGT G16 G01 0 2015 11 21 18 16 30.000000 2015 11 21 20 03  0.000000      -5410333      -1182287
YFGT G16 G19 0 2015 11 21 18 39  0.000000 2015 11 21 20 03  0.000000       3127269       1610155
YFGT G16 G30 0 2015 11 21 19 06  0.000000 2015 11 21 20 03  0.000000       -992369      -6033102
YFGT G16 G23 0 2015 11 21 15 00  0.000000 2015 11 21 20 03  0.000000       5221933       1863600
YFGT G16 G27 0 2015 11 21 14 37  0.000000 2015 11 21 20 03  0.000000      -2353197      -2627673
YFGT G16 G09 0 2015 11 21 16 30 30.000000 2015 11 21 20 03  0.000000      -3332279      -1927555
YFGT G16 G08 0 2015 11 21 15 40 30.000000 2015 11 21 20 03  0.000000      -1171704      -2498972
YFGT G16 G07 0 2015 11 21 17 47  0.000000 2015 11 21 20 03  0.000000       8342312        321254
YFGT G16 G11 0 2015 11 21 17 24 30.000000 2015 11 21 20 03  0.000000       1049075      -3634137
YFGT G23 G19 0 2015 11 21 18 39  0.000000 2015 11 21 20 07  0.000000      -2094664       -253445
YFGT G23 G30 0 2015 11 21 19 06  0.000000 2015 11 21 20 07  0.000000      -6214302      -7896702
YFGT G23 G27 0 2015 11 21 15 00  0.000000 2015 11 21 20 07  0.000000      -7575130      -4491273
YFGT G23 G09 0 2015 11 21 16 30 30.000000 2015 11 21 20 07  0.000000      -8554212      -3791155
YFGT G23 G08 0 2015 11 21 15 40 30.000000 2015 11 21 20 07  0.000000      -6393637      -4362572
YFGT G23 G07 0 2015 11 21 17 47  0.000000 2015 11 21 20 07  0.000000       3120379      -1542346
YFGT G23 G11 0 2015 11 21 17 24 30.000000 2015 11 21 20 07  0.000000      -4172858      -5497737
YFGT G23 G01 0 2015 11 21 18 16 30.000000 2015 11 21 20 07  0.000000     -10632266      -3045887
YFGT G27 G30 0 2015 11 21 19 06  0.000000 2015 11 21 20 08 30.000000       1360828      -3405429
YFGT G27 G09 0 2015 11 21 16 30 30.000000 2015 11 21 20 08 30.000000       -979082        700118
YFGT G27 G08 0 2015 11 21 15 40 30.000000 2015 11 21 20 08 30.000000       1181493        128701
YFGT G27 G07 0 2015 11 21 17 47  0.000000 2015 11 21 20 08 30.000000      10695509       2948927
YFGT G27 G11 0 2015 11 21 17 24 30.000000 2015 11 21 20 08 30.000000       3402272      -1006464
YFGT G27 G01 0 2015 11 21 18 16 30.000000 2015 11 21 20 08 30.000000      -3057136       1445386
YFGT G27 G19 0 2015 11 21 18 39  0.000000 2015 11 21 20 08 30.000000       5480466       4237828
YFGT G09 G19 0 2015 11 21 18 39  0.000000 2015 11 21 20 53  0.000000       6459548       3537710
YFGT G09 G17 0 2015 11 21 20 10 30.000000 2015 11 21 20 53  0.000000      13110237       8740627
YFGT G09 G28 0 2015 11 21 20 05  0.000000 2015 11 21 20 53  0.000000       6331090       5624129
YFGT G09 G30 0 2015 11 21 19 06  0.000000 2015 11 21 20 53  0.000000       2339910      -4105547
YFGT G09 G08 0 2015 11 21 16 30 30.000000 2015 11 21 20 53  0.000000       2160575       -571417
YFGT G09 G07 0 2015 11 21 17 47  0.000000 2015 11 21 20 53  0.000000      11674591       2248809
YFGT G09 G11 0 2015 11 21 17 24 30.000000 2015 11 21 20 53  0.000000       4381354      -1706582
YFGT G09 G01 0 2015 11 21 18 16 30.000000 2015 11 21 20 53  0.000000      -2078054        745268
YFGT G08 G11 0 2015 11 21 17 24 30.000000 2015 11 21 22 10  0.000000       2220779      -1135165
YFGT G08 G01 0 2015 11 21 18 16 30.000000 2015 11 21 22 10  0.000000      -4238629       1316685
YFGT G08 G19 0 2015 11 21 18 39  0.000000 2015 11 21 22 10  0.000000       4298973       4109127
YFGT G08 G03 0 2015 11 21 20 34  0.000000 2015 11 21 22 10  0.000000       7502557       5861310
YFGT G08 G17 0 2015 11 21 20 10 30.000000 2015 11 21 22 10  0.000000      10949662       9312044
YFGT G08 G28 0 2015 11 21 20 05  0.000000 2015 11 21 22 10  0.000000       4170515       6195546
YFGT G08 G30 0 2015 11 21 19 06  0.000000 2015 11 21 22 10  0.000000        179335      -3534130
YFGT G08 G32 0 2015 11 21 20 36  0.000000 2015 11 21 22 10  0.000000       5286691        -25157
YFGT G08 G07 0 2015 11 21 17 47  0.000000 2015 11 21 22 10  0.000000       9514016       2820226
YFGT G32 G11 0 2015 11 21 20 36  0.000000 2015 11 21 23 13 30.000000      -3065912      -1110008
YFGT G32 G01 0 2015 11 21 20 36  0.000000 2015 11 21 23 13 30.000000      -9525320       1341842
YFGT G32 G19 0 2015 11 21 20 36  0.000000 2015 11 21 23 13 30.000000       -987718       4134284
YFGT G32 G06 0 2015 11 21 22 13 30.000000 2015 11 21 23 13 30.000000       2341259       2956141
YFGT G32 G03 0 2015 11 21 20 36  0.000000 2015 11 21 23 13 30.000000       2215866       5886467
YFGT G32 G17 0 2015 11 21 20 36  0.000000 2015 11 21 23 13 30.000000       5662971       9337201
YFGT G32 G28 0 2015 11 21 20 36  0.000000 2015 11 21 23 13 30.000000      -1116176       6220703
YFGT G32 G30 0 2015 11 21 20 36  0.000000 2015 11 21 23 13 30.000000      -5107356      -3508973
YFGT G32 G07 0 2015 11 21 20 36  0.000000 2015 11 21 23 13 30.000000       4227325       2845383
YFGT G07 G01 0 2015 11 21 18 16 30.000000 2015 11 21 23 18  0.000000     -13752645      -1503541
YFGT G07 G11 0 2015 11 21 17 47  0.000000 2015 11 21 23 18  0.000000      -7293237      -3955391
YFGT G07 G19 0 2015 11 21 18 39  0.000000 2015 11 21 23 18  0.000000      -5215043       1288901
YFGT G07 G06 0 2015 11 21 22 13 30.000000 2015 11 21 23 18  0.000000      -1886066        110758
YFGT G07 G03 0 2015 11 21 20 34  0.000000 2015 11 21 23 18  0.000000      -2011459       3041084
YFGT G07 G17 0 2015 11 21 20 10 30.000000 2015 11 21 23 18  0.000000       1435646       6491818
YFGT G07 G28 0 2015 11 21 20 05  0.000000 2015 11 21 23 18  0.000000      -5343501       3375320
YFGT G07 G30 0 2015 11 21 19 06  0.000000 2015 11 21 23 18  0.000000      -9334681      -6354356
YFGT G11 G01 0 2015 11 21 18 16 30.000000 2015 11 21 23 22 30.000000      -6459408       2451850
YFGT G11 G19 0 2015 11 21 18 39  0.000000 2015 11 21 23 22 30.000000       2078194       5244292
YFGT G11 G06 0 2015 11 21 22 13 30.000000 2015 11 21 23 22 30.000000       5407171       4066149
YFGT G11 G03 0 2015 11 21 20 34  0.000000 2015 11 21 23 22 30.000000       5281778       6996475
YFGT G11 G17 0 2015 11 21 20 10 30.000000 2015 11 21 23 22 30.000000       8728883      10447209
YFGT G11 G28 0 2015 11 21 20 05  0.000000 2015 11 21 23 22 30.000000       1949736       7330711
YFGT G11 G30 0 2015 11 21 19 06  0.000000 2015 11 21 23 22 30.000000      -2041444      -2398965
YFGT G01 G19 0 2015 11 21 18 39  0.000000 2015 11 21 23 38 30.000000       8537602       2792442
YFGT G01 G06 0 2015 11 21 22 13 30.000000 2015 11 21 23 38 30.000000      11866579       1614299
YFGT G01 G03 0 2015 11 21 20 34  0.000000 2015 11 21 23 38 30.000000      11741186       4544625
YFGT G01 G17 0 2015 11 21 20 10 30.000000 2015 11 21 23 38 30.000000      15188291       7995359
YFGT G01 G28 0 2015 11 21 20 05  0.000000 2015 11 21 23 38 30.000000       8409144       4878861
YFGT G01 G30 0 2015 11 21 19 06  0.000000 2015 11 21 23 38 30.000000       4417964      -4850815
YFGT G19 G02 0 2015 11 21 23 33 30.000000 2015 11 21 23 59 30.000000      -4884826      -1424628
YFGT G19 G06 0 2015 11 21 22 13 30.000000 2015 11 21 23 59 30.000000       3328977      -1178143
YFGT G19 G03 0 2015 11 21 20 34  0.000000 2015 11 21 23 59 30.000000       3203584       1752183
YFGT G19 G17 0 2015 11 21 20 10 30.000000 2015 11 21 23 59 30.000000       6650689       5202917
YFGT G19 G28 0 2015 11 21 20 05  0.000000 2015 11 21 23 59 30.000000       -128458       2086419
YFGT G19 G30 0 2015 11 21 19 06  0.000000 2015 11 21 23 59 30.000000      -4119638      -7643257
YFGT G02 G06 0 2015 11 21 23 33 30.000000 2015 11 21 23 59 30.000000       8213803        246485
YFGT G02 G03 0 2015 11 21 23 33 30.000000 2015 11 21 23 59 30.000000       8088410       3176811
YFGT G02 G17 0 2015 11 21 23 33 30.000000 2015 11 21 23 59 30.000000      11535515       6627545
YFGT G02 G28 0 2015 11 21 23 33 30.000000 2015 11 21 23 59 30.000000       4756368       3511047
YFGT G02 G30 0 2015 11 21 23 33 30.000000 2015 11 21 23 59 30.000000        765188      -6218629
YFGT G06 G03 0 2015 11 21 22 13 30.000000 2015 11 21 23 59 30.000000       -125393       2930326
YFGT G06 G17 0 2015 11 21 22 13 30.000000 2015 11 21 23 59 30.000000       3321712       6381060
YFGT G06 G28 0 2015 11 21 22 13 30.000000 2015 11 21 23 59 30.000000      -3457435       3264562
YFGT G06 G30 0 2015 11 21 22 13 30.000000 2015 11 21 23 59 30.000000      -7448615      -6465114
YFGT G03 G17 0 2015 11 21 20 34  0.000000 2015 11 21 23 59 30.000000       3447105       3450734
YFGT G03 G28 0 2015 11 21 20 34  0.000000 2015 11 21 23 59 30.000000      -3332042        334236
YFGT G03 G30 0 2015 11 21 20 34  0.000000 2015 11 21 23 59 30.000000      -7323222      -9395440
YFGT G17 G28 0 2015 11 21 20 10 30.000000 2015 11 21 23 59 30.000000      -6779147      -3116498
YFGT G17 G30 0 2015 11 21 20 10 30.000000 2015 11 21 23 59 30.000000     -10770327     -12846174
YFGT G28 G30 0 2015 11 21 20 05  0.000000 2015 11 21 23 59 30.000000      -3991180      -9729676
