Single-Difference Ambiguity Constraint                      COMMENT
    SD                                                      TYPE OF CONSTRAINT
    100.0                                                   WL-FIX PERCENTAGE
     99.2                                                   NL-FIX PERCENTAGE
                                                            END OF HEADER
JMGT G09 G17 0 2015 11 21 03 00 30.000000 2015 11 21 03 59  0.000000       6220672       4263222
JMGT G09 G13 0 2015 11 21 03 00 30.000000 2015 11 21 03 59  0.000000      -6957616      -3182297
JMGT G09 G20 0 2015 11 21 03 11 30.000000 2015 11 21 03 59  0.000000         56250        -97558
JMGT G09 G25 0 2015 11 21 03 01 30.000000 2015 11 21 03 59  0.000000        753534       1530043
JMGT G09 G02 0 2015 11 21 03 00 30.000000 2015 11 21 03 59  0.000000     -17482643      -9640630
JMGT G09 G05 0 2015 11 21 03 00 30.000000 2015 11 21 03 59  0.000000     -13666646      -7626797
JMGT G17 G05 0 2015 11 21 03 00 30.000000 2015 11 21 04 07  0.000000     -19887318     -11890019
JMGT G17 G13 0 2015 11 21 03 00 30.000000 2015 11 21 04 07  0.000000     -13178288      -7445519
JMGT G17 G20 0 2015 11 21 03 11 30.000000 2015 11 21 04 07  0.000000      -6164422      -4360780
JMGT G17 G25 0 2015 11 21 03 01 30.000000 2015 11 21 04 07  0.000000      -5467138      -2733179
JMGT G17 G12 0 2015 11 21 03 00 30.000000 2015 11 21 04 07  0.000000     -10797332      -6979429
JMGT G17 G06 0 2015 11 21 03 00 30.000000 2015 11 21 04 07  0.000000     -11447645      -9940395
JMGT G17 G02 0 2015 11 21 03 00 30.000000 2015 11 21 04 07  0.000000     -23703315     -13903852
JMGT G25 G05 0 2015 11 21 03 01 30.000000 2015 11 21 04 58  0.000000     -14420180      -9156840
JMGT G25 G13 0 2015 11 21 03 01 30.000000 2015 11 21 04 58  0.000000      -7711150      -4712340
JMGT G25 G29 0 2015 11 21 04 08  0.000000 2015 11 21 04 58  0.000000        175789       2388080
JMGT G25 G15 0 2015 11 21 03 58  0.000000 2015 11 21 04 58  0.000000     -12577638     -11913836
JMGT G25 G20 0 2015 11 21 03 11 30.000000 2015 11 21 04 58  0.000000       -697284      -1627601
JMGT G25 G12 0 2015 11 21 03 01 30.000000 2015 11 21 04 58  0.000000      -5330194      -4246250
JMGT G25 G06 0 2015 11 21 03 01 30.000000 2015 11 21 04 58  0.000000      -5980507      -7207216
JMGT G25 G02 0 2015 11 21 03 01 30.000000 2015 11 21 04 58  0.000000     -18236177     -11170673
JMGT G12 G05 0 2015 11 21 03 00 30.000000 2015 11 21 05 11  0.000000      -9089986      -4910590
JMGT G12 G13 0 2015 11 21 03 00 30.000000 2015 11 21 05 11  0.000000      -2380956       -466090
JMGT G12 G29 0 2015 11 21 04 08  0.000000 2015 11 21 05 11  0.000000       5505983       6634330
JMGT G12 G15 0 2015 11 21 03 58  0.000000 2015 11 21 05 11  0.000000      -7247444      -7667586
JMGT G12 G20 0 2015 11 21 03 11 30.000000 2015 11 21 05 11  0.000000       4632910       2618649
JMGT G12 G06 0 2015 11 21 03 00 30.000000 2015 11 21 05 11  0.000000       -650313      -2960966
JMGT G12 G02 0 2015 11 21 03 00 30.000000 2015 11 21 05 11  0.000000     -12905983      -6924423
JMGT G06 G05 0 2015 11 21 03 00 30.000000 2015 11 21 05 50 30.000000      -8439673      -1949624
JMGT G06 G13 0 2015 11 21 03 00 30.000000 2015 11 21 05 50 30.000000      -1730643       2494876
JMGT G06 G29 0 2015 11 21 04 08  0.000000 2015 11 21 05 50 30.000000       6156296       9595296
JMGT G06 G15 0 2015 11 21 03 58  0.000000 2015 11 21 05 50 30.000000      -6597131      -4706620
JMGT G06 G20 0 2015 11 21 03 11 30.000000 2015 11 21 05 50 30.000000       5283223       5579615
JMGT G06 G02 0 2015 11 21 03 00 30.000000 2015 11 21 05 50 30.000000     -12255670      -3963457
JMGT G02 G15 0 2015 11 21 03 58  0.000000 2015 11 21 07 32 30.000000       5658539       -743163
JMGT G02 G20 0 2015 11 21 03 11 30.000000 2015 11 21 07 32 30.000000      17538893       9543072
JMGT G02 G24 0 2015 11 21 06 01  0.000000 2015 11 21 07 32 30.000000      20529992       9336490
JMGT G02 G21 0 2015 11 21 06 18 30.000000 2015 11 21 07 32 30.000000      13246747       5128384
JMGT G02 G18 0 2015 11 21 06 30 30.000000 2015 11 21 07 32 30.000000      21212479       9073272
JMGT G02 G05 0 2015 11 21 03 00 30.000000 2015 11 21 07 32 30.000000       3815997       2013833
JMGT G02 G13 0 2015 11 21 03 00 30.000000 2015 11 21 07 32 30.000000      10525027       6458333
JMGT G02 G29 0 2015 11 21 04 08  0.000000 2015 11 21 07 32 30.000000      18411966      13558753
JMGT G05 G13 0 2015 11 21 03 00 30.000000 2015 11 21 08 14 30.000000       6709030       4444500
JMGT G05 G24 0 2015 11 21 06 01  0.000000 2015 11 21 08 14 30.000000      16713995       7322657
JMGT G05 G21 0 2015 11 21 06 18 30.000000 2015 11 21 08 14 30.000000       9430750       3114551
JMGT G05 G18 0 2015 11 21 06 30 30.000000 2015 11 21 08 14 30.000000      17396482       7059439
JMGT G05 G20 0 2015 11 21 03 11 30.000000 2015 11 21 08 14 30.000000      13722896       7529239
JMGT G05 G29 0 2015 11 21 04 08  0.000000 2015 11 21 08 14 30.000000      14595969      11544920
JMGT G05 G15 0 2015 11 21 03 58  0.000000 2015 11 21 08 14 30.000000       1842542      -2756996
JMGT G13 G20 0 2015 11 21 03 11 30.000000 2015 11 21 08 38  0.000000       7013866       3084739
JMGT G13 G24 0 2015 11 21 06 01  0.000000 2015 11 21 08 38  0.000000      10004965       2878157
JMGT G13 G21 0 2015 11 21 06 18 30.000000 2015 11 21 08 38  0.000000       2721720      -1329949
JMGT G13 G18 0 2015 11 21 06 30 30.000000 2015 11 21 08 38  0.000000      10687452       2614939
JMGT G13 G14 0 2015 11 21 08 13 30.000000 2015 11 21 08 38  0.000000       3680221       2381675
JMGT G13 G29 0 2015 11 21 04 08  0.000000 2015 11 21 08 38  0.000000       7886939       7100420
JMGT G13 G15 0 2015 11 21 03 58  0.000000 2015 11 21 08 38  0.000000      -4866488      -7201496
JMGT G29 G14 0 2015 11 21 08 13 30.000000 2015 11 21 08 49  0.000000      -4206718      -4718745
JMGT G29 G15 0 2015 11 21 04 08  0.000000 2015 11 21 08 49  0.000000     -12753427     -14301916
JMGT G29 G20 0 2015 11 21 04 08  0.000000 2015 11 21 08 49  0.000000       -873073      -4015681
JMGT G29 G24 0 2015 11 21 06 01  0.000000 2015 11 21 08 49  0.000000       2118026      -4222263
JMGT G29 G21 0 2015 11 21 06 18 30.000000 2015 11 21 08 49  0.000000      -5165219      -8430369
JMGT G29 G18 0 2015 11 21 06 30 30.000000 2015 11 21 08 49  0.000000       2800513      -4485481
JMGT G15 G24 0 2015 11 21 06 01  0.000000 2015 11 21 10 48  0.000000      14871453      10079653
JMGT G15 G21 0 2015 11 21 06 18 30.000000 2015 11 21 10 48  0.000000       7588208       5871547
JMGT G15 G12 0 2015 11 21 08 41 30.000000 2015 11 21 10 48  0.000000      10651845       8932981
JMGT G15 G18 0 2015 11 21 06 30 30.000000 2015 11 21 10 48  0.000000      15553940       9816435
JMGT G15 G25 0 2015 11 21 09 15  0.000000 2015 11 21 10 48  0.000000      -1884382       5421536
JMGT G15 G22 0 2015 11 21 08 47  0.000000 2015 11 21 10 48  0.000000      10475435      12808657
JMGT G15 G14 0 2015 11 21 08 13 30.000000 2015 11 21 10 48  0.000000       8546709       9583171
JMGT G15 G31 0 2015 11 21 10 04  0.000000 2015 11 21 10 48  0.000000       5716537       7070484
JMGT G15 G20 0 2015 11 21 03 58  0.000000 2015 11 21 10 48  0.000000      11880354      10286235
JMGT G20 G25 0 2015 11 21 09 15  0.000000 2015 11 21 11 01  0.000000     -13764736      -4864699
JMGT G20 G22 0 2015 11 21 08 47  0.000000 2015 11 21 11 01  0.000000      -1404919       2522422
JMGT G20 G14 0 2015 11 21 08 13 30.000000 2015 11 21 11 01  0.000000      -3333645       -703064
JMGT G20 G31 0 2015 11 21 10 04  0.000000 2015 11 21 11 01  0.000000      -6163817      -3215751
JMGT G20 G24 0 2015 11 21 06 01  0.000000 2015 11 21 11 01  0.000000       2991099       -206582
JMGT G20 G21 0 2015 11 21 06 18 30.000000 2015 11 21 11 01  0.000000      -4292146      -4414688
JMGT G20 G12 0 2015 11 21 08 41 30.000000 2015 11 21 11 01  0.000000      -1228509      -1353254
JMGT G20 G18 0 2015 11 21 06 30 30.000000 2015 11 21 11 01  0.000000       3673586       -469800
JMGT G24 G31 0 2015 11 21 10 04  0.000000 2015 11 21 11 35 30.000000      -9154916      -3009169
JMGT G24 G21 0 2015 11 21 06 18 30.000000 2015 11 21 11 35 30.000000      -7283245      -4208106
JMGT G24 G12 0 2015 11 21 08 41 30.000000 2015 11 21 11 35 30.000000      -4219608      -1146672
JMGT G24 G18 0 2015 11 21 06 30 30.000000 2015 11 21 11 35 30.000000        682487       -263218
JMGT G24 G25 0 2015 11 21 09 15  0.000000 2015 11 21 11 35 30.000000     -16755835      -4658117
JMGT G24 G22 0 2015 11 21 08 47  0.000000 2015 11 21 11 35 30.000000      -4396018       2729004
JMGT G24 G14 0 2015 11 21 08 13 30.000000 2015 11 21 11 35 30.000000      -6324744       -496482
JMGT G21 G25 0 2015 11 21 09 15  0.000000 2015 11 21 11 44  0.000000      -9472590       -450011
JMGT G21 G22 0 2015 11 21 08 47  0.000000 2015 11 21 11 44  0.000000       2887227       6937110
JMGT G21 G14 0 2015 11 21 08 13 30.000000 2015 11 21 11 44  0.000000        958501       3711624
JMGT G21 G31 0 2015 11 21 10 04  0.000000 2015 11 21 11 44  0.000000      -1871671       1198937
JMGT G21 G12 0 2015 11 21 08 41 30.000000 2015 11 21 11 44  0.000000       3063637       3061434
JMGT G21 G18 0 2015 11 21 06 30 30.000000 2015 11 21 11 44  0.000000       7965732       3944888
JMGT G12 G32 0 2015 11 21 12 08  0.000000 2015 11 21 12 41 30.000000      -5775112      -1691175
JMGT G12 G31 0 2015 11 21 10 04  0.000000 2015 11 21 12 41 30.000000      -4935308      -1862497
JMGT G12 G26 0 2015 11 21 11 48 30.000000 2015 11 21 12 41 30.000000       -678954       -682170
JMGT G12 G18 0 2015 11 21 08 41 30.000000 2015 11 21 12 41 30.000000       4902095        883454
JMGT G12 G25 0 2015 11 21 09 15  0.000000 2015 11 21 12 41 30.000000     -12536227      -3511445
JMGT G12 G22 0 2015 11 21 08 47  0.000000 2015 11 21 12 41 30.000000       -176410       3875676
JMGT G12 G14 0 2015 11 21 08 41 30.000000 2015 11 21 12 41 30.000000      -2105136        650190
JMGT G18 G25 0 2015 11 21 09 15  0.000000 2015 11 21 13 23 30.000000     -17438322      -4394899
JMGT G18 G22 0 2015 11 21 08 47  0.000000 2015 11 21 13 23 30.000000      -5078505       2992222
JMGT G18 G29 0 2015 11 21 12 31  0.000000 2015 11 21 13 23 30.000000      -5642737       1383159
JMGT G18 G14 0 2015 11 21 08 13 30.000000 2015 11 21 13 23 30.000000      -7007231       -233264
JMGT G18 G32 0 2015 11 21 12 08  0.000000 2015 11 21 13 23 30.000000     -10677207      -2574629
JMGT G18 G31 0 2015 11 21 10 04  0.000000 2015 11 21 13 23 30.000000      -9837403      -2745951
JMGT G18 G26 0 2015 11 21 11 48 30.000000 2015 11 21 13 23 30.000000      -5581049      -1565624
JMGT G18 G16 0 2015 11 21 12 56  0.000000 2015 11 21 13 23 30.000000      -4870382       -837883
JMGT G25 G16 0 2015 11 21 12 56  0.000000 2015 11 21 14 14 30.000000      12567940       3557016
JMGT G25 G22 0 2015 11 21 09 15  0.000000 2015 11 21 14 14 30.000000      12359817       7387121
JMGT G25 G29 0 2015 11 21 12 31  0.000000 2015 11 21 14 14 30.000000      11795585       5778058
JMGT G25 G14 0 2015 11 21 09 15  0.000000 2015 11 21 14 14 30.000000      10431091       4161635
JMGT G25 G32 0 2015 11 21 12 08  0.000000 2015 11 21 14 14 30.000000       6761115       1820270
JMGT G25 G03 0 2015 11 21 13 37  0.000000 2015 11 21 14 14 30.000000       9324557       2737269
JMGT G25 G31 0 2015 11 21 10 04  0.000000 2015 11 21 14 14 30.000000       7600919       1648948
JMGT G25 G26 0 2015 11 21 11 48 30.000000 2015 11 21 14 14 30.000000      11857273       2829275
JMGT G22 G14 0 2015 11 21 08 47  0.000000 2015 11 21 14 44  0.000000      -1928726      -3225486
JMGT G22 G32 0 2015 11 21 12 08  0.000000 2015 11 21 14 44  0.000000      -5598702      -5566851
JMGT G22 G03 0 2015 11 21 13 37  0.000000 2015 11 21 14 44  0.000000      -3035260      -4649852
JMGT G22 G31 0 2015 11 21 10 04  0.000000 2015 11 21 14 44  0.000000      -4758898      -5738173
JMGT G22 G26 0 2015 11 21 11 48 30.000000 2015 11 21 14 44  0.000000       -502544      -4557846
JMGT G22 G16 0 2015 11 21 12 56  0.000000 2015 11 21 14 44  0.000000        208123      -3830105
JMGT G22 G29 0 2015 11 21 12 31  0.000000 2015 11 21 14 44  0.000000       -564232      -1609063
JMGT G29 G16 0 2015 11 21 12 56  0.000000 2015 11 21 15 31  0.000000        772355      -2221042
JMGT G29 G23 0 2015 11 21 15 00 30.000000 2015 11 21 15 31  0.000000        137063      -5705198
JMGT G29 G27 0 2015 11 21 14 37  0.000000 2015 11 21 15 31  0.000000      -3369800      -5601259
JMGT G29 G14 0 2015 11 21 12 31  0.000000 2015 11 21 15 31  0.000000      -1364494      -1616423
JMGT G29 G32 0 2015 11 21 12 31  0.000000 2015 11 21 15 31  0.000000      -5034470      -3957788
JMGT G29 G03 0 2015 11 21 13 37  0.000000 2015 11 21 15 31  0.000000      -2471028      -3040789
JMGT G29 G31 0 2015 11 21 12 31  0.000000 2015 11 21 15 31  0.000000      -4194666      -4129110
JMGT G29 G26 0 2015 11 21 12 31  0.000000 2015 11 21 15 31  0.000000         61688      -2948783
JMGT G14 G16 0 2015 11 21 12 56  0.000000 2015 11 21 16 04 30.000000       2136849       -604619
JMGT G14 G23 0 2015 11 21 15 00 30.000000 2015 11 21 16 04 30.000000       1501557      -4088775
JMGT G14 G27 0 2015 11 21 14 37  0.000000 2015 11 21 16 04 30.000000      -2005306      -3984836
JMGT G14 G08 0 2015 11 21 15 40 30.000000 2015 11 21 16 04 30.000000       9751632       1701720
JMGT G14 G32 0 2015 11 21 12 08  0.000000 2015 11 21 16 04 30.000000      -3669976      -2341365
JMGT G14 G03 0 2015 11 21 13 37  0.000000 2015 11 21 16 04 30.000000      -1106534      -1424366
JMGT G14 G31 0 2015 11 21 10 04  0.000000 2015 11 21 16 04 30.000000      -2830172      -2512687
JMGT G14 G26 0 2015 11 21 11 48 30.000000 2015 11 21 16 04 30.000000       1426182      -1332360
JMGT G32 G16 0 2015 11 21 12 56  0.000000 2015 11 21 16 59 30.000000       5806825       1736746
JMGT G32 G23 0 2015 11 21 15 00 30.000000 2015 11 21 16 59 30.000000       5171533      -1747410
JMGT G32 G27 0 2015 11 21 14 37  0.000000 2015 11 21 16 59 30.000000       1664670      -1643471
JMGT G32 G09 0 2015 11 21 16 31  0.000000 2015 11 21 16 59 30.000000      -6428504      -4933397
JMGT G32 G08 0 2015 11 21 15 40 30.000000 2015 11 21 16 59 30.000000      13421608       4043085
JMGT G32 G03 0 2015 11 21 13 37  0.000000 2015 11 21 16 59 30.000000       2563442        916999
JMGT G32 G31 0 2015 11 21 12 08  0.000000 2015 11 21 16 59 30.000000        839804       -171322
JMGT G32 G26 0 2015 11 21 12 08  0.000000 2015 11 21 16 59 30.000000       5096158       1009005
JMGT G03 G27 0 2015 11 21 14 37  0.000000 2015 11 21 17 07  0.000000       -898772      -2560470
JMGT G03 G09 0 2015 11 21 16 31  0.000000 2015 11 21 17 07  0.000000      -8991946      -5850396
JMGT G03 G08 0 2015 11 21 15 40 30.000000 2015 11 21 17 07  0.000000      10858166       3126086
JMGT G03 G31 0 2015 11 21 13 37  0.000000 2015 11 21 17 07  0.000000      -1723638      -1088321
JMGT G03 G26 0 2015 11 21 13 37  0.000000 2015 11 21 17 07  0.000000       2532716         92006
JMGT G03 G16 0 2015 11 21 13 37  0.000000 2015 11 21 17 07  0.000000       3243383        819747
JMGT G03 G23 0 2015 11 21 15 00 30.000000 2015 11 21 17 07  0.000000       2608091      -2664409
JMGT G31 G27 0 2015 11 21 14 37  0.000000 2015 11 21 17 58  0.000000        824866      -1472149
JMGT G31 G09 0 2015 11 21 16 31  0.000000 2015 11 21 17 58  0.000000      -7268308      -4762075
JMGT G31 G08 0 2015 11 21 15 40 30.000000 2015 11 21 17 58  0.000000      12581804       4214407
JMGT G31 G11 0 2015 11 21 17 24 30.000000 2015 11 21 17 58  0.000000       2251301       3892063
JMGT G31 G26 0 2015 11 21 11 48 30.000000 2015 11 21 17 58  0.000000       4256354       1180327
JMGT G31 G16 0 2015 11 21 12 56  0.000000 2015 11 21 17 58  0.000000       4967021       1908068
JMGT G31 G23 0 2015 11 21 15 00 30.000000 2015 11 21 17 58  0.000000       4331729      -1576088
JMGT G26 G27 0 2015 11 21 14 37  0.000000 2015 11 21 18 25 30.000000      -3431488      -2652476
JMGT G26 G09 0 2015 11 21 16 31  0.000000 2015 11 21 18 25 30.000000     -11524662      -5942402
JMGT G26 G08 0 2015 11 21 15 40 30.000000 2015 11 21 18 25 30.000000       8325450       3034080
JMGT G26 G07 0 2015 11 21 17 47 30.000000 2015 11 21 18 25 30.000000       -297872       -151960
JMGT G26 G11 0 2015 11 21 17 24 30.000000 2015 11 21 18 25 30.000000      -2005053       2711736
JMGT G26 G16 0 2015 11 21 12 56  0.000000 2015 11 21 18 25 30.000000        710667        727741
JMGT G26 G23 0 2015 11 21 15 00 30.000000 2015 11 21 18 25 30.000000         75375      -2756415
JMGT G16 G01 0 2015 11 21 18 16 30.000000 2015 11 21 20 02 30.000000       3510944      -1492384
JMGT G16 G30 0 2015 11 21 19 07  0.000000 2015 11 21 20 02 30.000000     -16898809      -7530296
JMGT G16 G19 0 2015 11 21 18 22  0.000000 2015 11 21 20 02 30.000000      -2094781        398889
JMGT G16 G23 0 2015 11 21 15 00 30.000000 2015 11 21 20 02 30.000000       -635292      -3484156
JMGT G16 G27 0 2015 11 21 14 37  0.000000 2015 11 21 20 02 30.000000      -4142155      -3380217
JMGT G16 G09 0 2015 11 21 16 31  0.000000 2015 11 21 20 02 30.000000     -12235329      -6670143
JMGT G16 G08 0 2015 11 21 15 40 30.000000 2015 11 21 20 02 30.000000       7614783       2306339
JMGT G16 G07 0 2015 11 21 17 47 30.000000 2015 11 21 20 02 30.000000      -1008539       -879701
JMGT G16 G11 0 2015 11 21 17 24 30.000000 2015 11 21 20 02 30.000000      -2715720       1983995
JMGT G23 G30 0 2015 11 21 19 07  0.000000 2015 11 21 20 07 30.000000     -16263517      -4046140
JMGT G23 G19 0 2015 11 21 18 22  0.000000 2015 11 21 20 07 30.000000      -1459489       3883045
JMGT G23 G27 0 2015 11 21 15 00 30.000000 2015 11 21 20 07 30.000000      -3506863        103939
JMGT G23 G09 0 2015 11 21 16 31  0.000000 2015 11 21 20 07 30.000000     -11600037      -3185987
JMGT G23 G08 0 2015 11 21 15 40 30.000000 2015 11 21 20 07 30.000000       8250075       5790495
JMGT G23 G07 0 2015 11 21 17 47 30.000000 2015 11 21 20 07 30.000000       -373247       2604455
JMGT G23 G11 0 2015 11 21 17 24 30.000000 2015 11 21 20 07 30.000000      -2080428       5468151
JMGT G23 G01 0 2015 11 21 18 16 30.000000 2015 11 21 20 07 30.000000       4146236       1991772
JMGT G27 G19 0 2015 11 21 18 22  0.000000 2015 11 21 20 24 30.000000       2047374       3779106
JMGT G27 G09 0 2015 11 21 16 31  0.000000 2015 11 21 20 24 30.000000      -8093174      -3289926
JMGT G27 G08 0 2015 11 21 15 40 30.000000 2015 11 21 20 24 30.000000      11756938       5686556
JMGT G27 G07 0 2015 11 21 17 47 30.000000 2015 11 21 20 24 30.000000       3133616       2500516
JMGT G27 G11 0 2015 11 21 17 24 30.000000 2015 11 21 20 24 30.000000       1426435       5364212
JMGT G27 G01 0 2015 11 21 18 16 30.000000 2015 11 21 20 24 30.000000       7653099       1887833
JMGT G27 G30 0 2015 11 21 19 07  0.000000 2015 11 21 20 24 30.000000     -12756654      -4150079
JMGT G09 G01 0 2015 11 21 18 16 30.000000 2015 11 21 20 52 30.000000      15746273       5177759
JMGT G09 G30 0 2015 11 21 19 07  0.000000 2015 11 21 20 52 30.000000      -4663480       -860153
JMGT G09 G19 0 2015 11 21 18 22  0.000000 2015 11 21 20 52 30.000000      10140548       7069032
JMGT G09 G03 0 2015 11 21 20 32 30.000000 2015 11 21 20 52 30.000000       8184810       3718284
JMGT G09 G17 0 2015 11 21 20 13  0.000000 2015 11 21 20 52 30.000000      12270262       6831774
JMGT G09 G28 0 2015 11 21 20 05 30.000000 2015 11 21 20 52 30.000000       3860385       2719448
JMGT G09 G08 0 2015 11 21 16 31  0.000000 2015 11 21 20 52 30.000000      19850112       8976482
JMGT G09 G07 0 2015 11 21 17 47 30.000000 2015 11 21 20 52 30.000000      11226790       5790442
JMGT G09 G11 0 2015 11 21 17 24 30.000000 2015 11 21 20 52 30.000000       9519609       8654138
JMGT G08 G11 0 2015 11 21 17 24 30.000000 2015 11 21 22 12 30.000000     -10330503       -322344
JMGT G08 G01 0 2015 11 21 18 16 30.000000 2015 11 21 22 12 30.000000      -4103839      -3798723
JMGT G08 G30 0 2015 11 21 19 07  0.000000 2015 11 21 22 12 30.000000     -24513592      -9836635
JMGT G08 G19 0 2015 11 21 18 22  0.000000 2015 11 21 22 12 30.000000      -9709564      -1907450
JMGT G08 G03 0 2015 11 21 20 32 30.000000 2015 11 21 22 12 30.000000     -11665302      -5258198
JMGT G08 G17 0 2015 11 21 20 13  0.000000 2015 11 21 22 12 30.000000      -7579850      -2144708
JMGT G08 G28 0 2015 11 21 20 05 30.000000 2015 11 21 22 12 30.000000     -15989727      -6257034
JMGT G08 G07 0 2015 11 21 17 47 30.000000 2015 11 21 22 12 30.000000      -8623322      -3186040
JMGT G08 G32 0 2015 11 21 20 33 30.000000 2015 11 21 22 12 30.000000     -16483232      -5101526
JMGT G07 G11 0 2015 11 21 17 47 30.000000 2015 11 21 23 18 30.000000      -1707181       2863696
JMGT G07 G01 0 2015 11 21 18 16 30.000000 2015 11 21 23 18 30.000000       4519483       -612683
JMGT G07 G30 0 2015 11 21 19 07  0.000000 2015 11 21 23 18 30.000000     -15890270      -6650595
JMGT G07 G19 0 2015 11 21 18 22  0.000000 2015 11 21 23 18 30.000000      -1086242       1278590
JMGT G07 G06 0 2015 11 21 21 54 30.000000 2015 11 21 23 18 30.000000     -11204018      -5655869
JMGT G07 G03 0 2015 11 21 20 32 30.000000 2015 11 21 23 18 30.000000      -3041980      -2072158
JMGT G07 G17 0 2015 11 21 20 13  0.000000 2015 11 21 23 18 30.000000       1043472       1041332
JMGT G07 G28 0 2015 11 21 20 05 30.000000 2015 11 21 23 18 30.000000      -7366405      -3070994
JMGT G07 G32 0 2015 11 21 20 33 30.000000 2015 11 21 23 18 30.000000      -7859910      -1915486
JMGT G32 G01 0 2015 11 21 20 33 30.000000 2015 11 21 23 26 30.000000      12379393       1302803
JMGT G32 G30 0 2015 11 21 20 33 30.000000 2015 11 21 23 26 30.000000      -8030360      -4735109
JMGT G32 G19 0 2015 11 21 20 33 30.000000 2015 11 21 23 26 30.000000       6773668       3194076
JMGT G32 G06 0 2015 11 21 21 54 30.000000 2015 11 21 23 26 30.000000      -3344108      -3740383
JMGT G32 G03 0 2015 11 21 20 33 30.000000 2015 11 21 23 26 30.000000       4817930       -156672
JMGT G32 G17 0 2015 11 21 20 33 30.000000 2015 11 21 23 26 30.000000       8903382       2956818
JMGT G32 G28 0 2015 11 21 20 33 30.000000 2015 11 21 23 26 30.000000        493505      -1155508
JMGT G32 G11 0 2015 11 21 20 33 30.000000 2015 11 21 23 26 30.000000       6152729       4779182
JMGT G11 G19 0 2015 11 21 18 22  0.000000 2015 11 21 23 27  0.000000        620939      -1585106
JMGT G11 G30 0 2015 11 21 19 07  0.000000 2015 11 21 23 27  0.000000     -14183089      -9514291
JMGT G11 G01 0 2015 11 21 18 16 30.000000 2015 11 21 23 27  0.000000       6226664      -3476379
JMGT G11 G06 0 2015 11 21 21 54 30.000000 2015 11 21 23 27  0.000000      -9496837      -8519565
JMGT G11 G03 0 2015 11 21 20 32 30.000000 2015 11 21 23 27  0.000000      -1334799      -4935854
JMGT G11 G17 0 2015 11 21 20 13  0.000000 2015 11 21 23 27  0.000000       2750653      -1822364
JMGT G11 G28 0 2015 11 21 20 05 30.000000 2015 11 21 23 27  0.000000      -5659224      -5934690
JMGT G01 G28 0 2015 11 21 20 05 30.000000 2015 11 21 23 53  0.000000     -11885888      -2458311
JMGT G01 G30 0 2015 11 21 19 07  0.000000 2015 11 21 23 53  0.000000     -20409753      -6037912
JMGT G01 G19 0 2015 11 21 18 22  0.000000 2015 11 21 23 53  0.000000      -5605725       1891273
JMGT G01 G02 0 2015 11 21 23 33  0.000000 2015 11 21 23 53  0.000000      -3810232       5256057
JMGT G01 G06 0 2015 11 21 21 54 30.000000 2015 11 21 23 53  0.000000     -15723501      -5043186
JMGT G01 G03 0 2015 11 21 20 32 30.000000 2015 11 21 23 53  0.000000      -7561463      -1459475
JMGT G01 G17 0 2015 11 21 20 13  0.000000 2015 11 21 23 53  0.000000      -3476011       1654015
JMGT G30 G28 0 2015 11 21 20 05 30.000000 2015 11 21 23 59 30.000000       8523865       3579601
JMGT G30 G19 0 2015 11 21 19 07  0.000000 2015 11 21 23 59 30.000000      14804028       7929185
JMGT G30 G02 0 2015 11 21 23 33  0.000000 2015 11 21 23 59 30.000000      16599521      11293969
JMGT G30 G06 0 2015 11 21 21 54 30.000000 2015 11 21 23 59 30.000000       4686252        994726
JMGT G30 G03 0 2015 11 21 20 32 30.000000 2015 11 21 23 59 30.000000      12848290       4578437
JMGT G30 G17 0 2015 11 21 20 13  0.000000 2015 11 21 23 59 30.000000      16933742       7691927
JMGT G19 G02 0 2015 11 21 23 33  0.000000 2015 11 21 23 59 30.000000       1795493       3364784
JMGT G19 G06 0 2015 11 21 21 54 30.000000 2015 11 21 23 59 30.000000     -10117776      -6934459
JMGT G19 G03 0 2015 11 21 20 32 30.000000 2015 11 21 23 59 30.000000      -1955738      -3350748
JMGT G19 G17 0 2015 11 21 20 13  0.000000 2015 11 21 23 59 30.000000       2129714       -237258
JMGT G19 G28 0 2015 11 21 20 05 30.000000 2015 11 21 23 59 30.000000      -6280163      -4349584
JMGT G02 G06 0 2015 11 21 23 33  0.000000 2015 11 21 23 59 30.000000     -11913269     -10299243
JMGT G02 G03 0 2015 11 21 23 33  0.000000 2015 11 21 23 59 30.000000      -3751231      -6715532
JMGT G02 G17 0 2015 11 21 23 33  0.000000 2015 11 21 23 59 30.000000        334221      -3602042
JMGT G02 G28 0 2015 11 21 23 33  0.000000 2015 11 21 23 59 30.000000      -8075656      -7714368
JMGT G06 G03 0 2015 11 21 21 54 30.000000 2015 11 21 23 59 30.000000       8162038       3583711
JMGT G06 G17 0 2015 11 21 21 54 30.000000 2015 11 21 23 59 30.000000      12247490       6697201
JMGT G06 G28 0 2015 11 21 21 54 30.000000 2015 11 21 23 59 30.000000       3837613       2584875
JMGT G03 G17 0 2015 11 21 20 32 30.000000 2015 11 21 23 59 30.000000       4085452       3113490
JMGT G03 G28 0 2015 11 21 20 32 30.000000 2015 11 21 23 59 30.000000      -4324425       -998836
JMGT G17 G28 0 2015 11 21 20 13  0.000000 2015 11 21 23 59 30.000000      -8409877      -4112326
