Single-Difference Ambiguity Constraint                      COMMENT
    SD                                                      TYPE OF CONSTRAINT
    100.0                                                   WL-FIX PERCENTAGE
    100.0                                                   NL-FIX PERCENTAGE
                                                            END OF HEADER
GDEP G09 G17 0 2015 11 21 03 00 30.000000 2015 11 21 03 44 30.000000      -7796542      -9494893
GDEP G09 G05 0 2015 11 21 03 00 30.000000 2015 11 21 03 44 30.000000       8105262      -2149946
GDEP G09 G20 0 2015 11 21 03 11 30.000000 2015 11 21 03 44 30.000000      -2754963      -5766997
GDEP G09 G25 0 2015 11 21 03 01 30.000000 2015 11 21 03 44 30.000000       2160739      -1145527
GDEP G09 G12 0 2015 11 21 03 00 30.000000 2015 11 21 03 44 30.000000       2833915      -2197864
GDEP G09 G06 0 2015 11 21 03 00 30.000000 2015 11 21 03 44 30.000000       4848309      -1618455
GDEP G09 G02 0 2015 11 21 03 00 30.000000 2015 11 21 03 44 30.000000       4338331       -163086
GDEP G09 G13 0 2015 11 21 03 00 30.000000 2015 11 21 03 44 30.000000      13041184       2310882
GDEP G17 G13 0 2015 11 21 03 00 30.000000 2015 11 21 04 08  0.000000      20837726      11805775
GDEP G17 G05 0 2015 11 21 03 00 30.000000 2015 11 21 04 08  0.000000      15901804       7344947
GDEP G17 G20 0 2015 11 21 03 11 30.000000 2015 11 21 04 08  0.000000       5041579       3727896
GDEP G17 G25 0 2015 11 21 03 01 30.000000 2015 11 21 04 08  0.000000       9957281       8349366
GDEP G17 G12 0 2015 11 21 03 00 30.000000 2015 11 21 04 08  0.000000      10630457       7297029
GDEP G17 G06 0 2015 11 21 03 00 30.000000 2015 11 21 04 08  0.000000      12644851       7876438
GDEP G17 G02 0 2015 11 21 03 00 30.000000 2015 11 21 04 08  0.000000      12134873       9331807
GDEP G25 G13 0 2015 11 21 03 01 30.000000 2015 11 21 04 20 30.000000      10880445       3456409
GDEP G25 G05 0 2015 11 21 03 01 30.000000 2015 11 21 04 20 30.000000       5944523      -1004419
GDEP G25 G15 0 2015 11 21 03 57 30.000000 2015 11 21 04 20 30.000000       -375672        833834
GDEP G25 G20 0 2015 11 21 03 11 30.000000 2015 11 21 04 20 30.000000      -4915702      -4621470
GDEP G25 G12 0 2015 11 21 03 01 30.000000 2015 11 21 04 20 30.000000        673176      -1052337
GDEP G25 G06 0 2015 11 21 03 01 30.000000 2015 11 21 04 20 30.000000       2687570       -472928
GDEP G25 G02 0 2015 11 21 03 01 30.000000 2015 11 21 04 20 30.000000       2177592        982441
GDEP G12 G13 0 2015 11 21 03 00 30.000000 2015 11 21 05 11  0.000000      10207269       4508746
GDEP G12 G05 0 2015 11 21 03 00 30.000000 2015 11 21 05 11  0.000000       5271347         47918
GDEP G12 G29 0 2015 11 21 04 08  0.000000 2015 11 21 05 11  0.000000      -3207780       -346637
GDEP G12 G15 0 2015 11 21 03 57 30.000000 2015 11 21 05 11  0.000000      -1048848       1886171
GDEP G12 G20 0 2015 11 21 03 11 30.000000 2015 11 21 05 11  0.000000      -5588878      -3569133
GDEP G12 G06 0 2015 11 21 03 00 30.000000 2015 11 21 05 11  0.000000       2014394        579409
GDEP G12 G02 0 2015 11 21 03 00 30.000000 2015 11 21 05 11  0.000000       1504416       2034778
GDEP G06 G13 0 2015 11 21 03 00 30.000000 2015 11 21 05 51  0.000000       8192875       3929337
GDEP G06 G05 0 2015 11 21 03 00 30.000000 2015 11 21 05 51  0.000000       3256953       -531491
GDEP G06 G29 0 2015 11 21 04 08  0.000000 2015 11 21 05 51  0.000000      -5222174       -926046
GDEP G06 G15 0 2015 11 21 03 57 30.000000 2015 11 21 05 51  0.000000      -3063242       1306762
GDEP G06 G20 0 2015 11 21 03 11 30.000000 2015 11 21 05 51  0.000000      -7603272      -4148542
GDEP G06 G02 0 2015 11 21 03 00 30.000000 2015 11 21 05 51  0.000000       -509978       1455369
GDEP G02 G13 0 2015 11 21 03 00 30.000000 2015 11 21 07 33 30.000000       8702853       2473968
GDEP G02 G20 0 2015 11 21 03 11 30.000000 2015 11 21 07 33 30.000000      -7093294      -5603911
GDEP G02 G24 0 2015 11 21 06 00  0.000000 2015 11 21 07 33 30.000000     -13551394      -9477950
GDEP G02 G21 0 2015 11 21 06 18 30.000000 2015 11 21 07 33 30.000000      -3506609        878546
GDEP G02 G18 0 2015 11 21 06 34  0.000000 2015 11 21 07 33 30.000000      -6710317      -3794011
GDEP G02 G05 0 2015 11 21 03 00 30.000000 2015 11 21 07 33 30.000000       3766931      -1986860
GDEP G02 G29 0 2015 11 21 04 08  0.000000 2015 11 21 07 33 30.000000      -4712196      -2381415
GDEP G02 G15 0 2015 11 21 03 57 30.000000 2015 11 21 07 33 30.000000      -2553264       -148607
GDEP G13 G20 0 2015 11 21 03 11 30.000000 2015 11 21 08 22 30.000000     -15796147      -8077879
GDEP G13 G24 0 2015 11 21 06 00  0.000000 2015 11 21 08 22 30.000000     -22254247     -11951918
GDEP G13 G21 0 2015 11 21 06 18 30.000000 2015 11 21 08 22 30.000000     -12209462      -1595422
GDEP G13 G18 0 2015 11 21 06 34  0.000000 2015 11 21 08 22 30.000000     -15413170      -6267979
GDEP G13 G05 0 2015 11 21 03 00 30.000000 2015 11 21 08 22 30.000000      -4935922      -4460828
GDEP G13 G29 0 2015 11 21 04 08  0.000000 2015 11 21 08 22 30.000000     -13415049      -4855383
GDEP G13 G15 0 2015 11 21 03 57 30.000000 2015 11 21 08 22 30.000000     -11256117      -2622575
GDEP G05 G29 0 2015 11 21 04 08  0.000000 2015 11 21 08 32 30.000000      -8479127       -394555
GDEP G05 G15 0 2015 11 21 03 57 30.000000 2015 11 21 08 32 30.000000      -6320195       1838253
GDEP G05 G20 0 2015 11 21 03 11 30.000000 2015 11 21 08 32 30.000000     -10860225      -3617051
GDEP G05 G24 0 2015 11 21 06 00  0.000000 2015 11 21 08 32 30.000000     -17318325      -7491090
GDEP G05 G21 0 2015 11 21 06 18 30.000000 2015 11 21 08 32 30.000000      -7273540       2865406
GDEP G05 G18 0 2015 11 21 06 34  0.000000 2015 11 21 08 32 30.000000     -10477248      -1807151
GDEP G29 G14 0 2015 11 21 08 13 30.000000 2015 11 21 08 49 30.000000       5983887       4175936
GDEP G29 G15 0 2015 11 21 04 08  0.000000 2015 11 21 08 49 30.000000       2158932       2232808
GDEP G29 G20 0 2015 11 21 04 08  0.000000 2015 11 21 08 49 30.000000      -2381098      -3222496
GDEP G29 G24 0 2015 11 21 06 00  0.000000 2015 11 21 08 49 30.000000      -8839198      -7096535
GDEP G29 G21 0 2015 11 21 06 18 30.000000 2015 11 21 08 49 30.000000       1205587       3259961
GDEP G29 G18 0 2015 11 21 06 34  0.000000 2015 11 21 08 49 30.000000      -1998121      -1412596
GDEP G15 G24 0 2015 11 21 06 00  0.000000 2015 11 21 10 46  0.000000     -10998130      -9329343
GDEP G15 G21 0 2015 11 21 06 18 30.000000 2015 11 21 10 46  0.000000       -953345       1027153
GDEP G15 G12 0 2015 11 21 08 40  0.000000 2015 11 21 10 46  0.000000       2539101      -3855671
GDEP G15 G18 0 2015 11 21 06 34  0.000000 2015 11 21 10 46  0.000000      -4157053      -3645404
GDEP G15 G25 0 2015 11 21 09 13 30.000000 2015 11 21 10 46  0.000000       4267472      -1002898
GDEP G15 G22 0 2015 11 21 08 47  0.000000 2015 11 21 10 46  0.000000       1161563       -903651
GDEP G15 G14 0 2015 11 21 08 13 30.000000 2015 11 21 10 46  0.000000       3824955       1943128
GDEP G15 G31 0 2015 11 21 10 04  0.000000 2015 11 21 10 46  0.000000      -4395805      -1719483
GDEP G15 G20 0 2015 11 21 03 57 30.000000 2015 11 21 10 46  0.000000      -4540030      -5455304
GDEP G20 G25 0 2015 11 21 09 13 30.000000 2015 11 21 11 02  0.000000       8807502       4452406
GDEP G20 G22 0 2015 11 21 08 47  0.000000 2015 11 21 11 02  0.000000       5701593       4551653
GDEP G20 G14 0 2015 11 21 08 13 30.000000 2015 11 21 11 02  0.000000       8364985       7398432
GDEP G20 G31 0 2015 11 21 10 04  0.000000 2015 11 21 11 02  0.000000        144225       3735821
GDEP G20 G24 0 2015 11 21 06 00  0.000000 2015 11 21 11 02  0.000000      -6458100      -3874039
GDEP G20 G21 0 2015 11 21 06 18 30.000000 2015 11 21 11 02  0.000000       3586685       6482457
GDEP G20 G12 0 2015 11 21 08 40  0.000000 2015 11 21 11 02  0.000000       7079131       1599633
GDEP G20 G18 0 2015 11 21 06 34  0.000000 2015 11 21 11 02  0.000000        382977       1809900
GDEP G24 G31 0 2015 11 21 10 04  0.000000 2015 11 21 11 21 30.000000       6602325       7609860
GDEP G24 G21 0 2015 11 21 06 18 30.000000 2015 11 21 11 21 30.000000      10044785      10356496
GDEP G24 G12 0 2015 11 21 08 40  0.000000 2015 11 21 11 21 30.000000      13537231       5473672
GDEP G24 G18 0 2015 11 21 06 34  0.000000 2015 11 21 11 21 30.000000       6841077       5683939
GDEP G24 G25 0 2015 11 21 09 13 30.000000 2015 11 21 11 21 30.000000      15265602       8326445
GDEP G24 G22 0 2015 11 21 08 47  0.000000 2015 11 21 11 21 30.000000      12159693       8425692
GDEP G24 G14 0 2015 11 21 08 13 30.000000 2015 11 21 11 21 30.000000      14823085      11272471
GDEP G21 G25 0 2015 11 21 09 13 30.000000 2015 11 21 11 45  0.000000       5220817      -2030051
GDEP G21 G22 0 2015 11 21 08 47  0.000000 2015 11 21 11 45  0.000000       2114908      -1930804
GDEP G21 G14 0 2015 11 21 08 13 30.000000 2015 11 21 11 45  0.000000       4778300        915975
GDEP G21 G31 0 2015 11 21 10 04  0.000000 2015 11 21 11 45  0.000000      -3442460      -2746636
GDEP G21 G12 0 2015 11 21 08 40  0.000000 2015 11 21 11 45  0.000000       3492446      -4882824
GDEP G21 G18 0 2015 11 21 06 34  0.000000 2015 11 21 11 45  0.000000      -3203708      -4672557
GDEP G12 G25 0 2015 11 21 09 13 30.000000 2015 11 21 12 28  0.000000       1728371       2852773
GDEP G12 G22 0 2015 11 21 08 47  0.000000 2015 11 21 12 28  0.000000      -1377538       2952020
GDEP G12 G14 0 2015 11 21 08 40  0.000000 2015 11 21 12 28  0.000000       1285854       5798799
GDEP G12 G31 0 2015 11 21 10 04  0.000000 2015 11 21 12 28  0.000000      -6934906       2136188
GDEP G12 G26 0 2015 11 21 11 48 30.000000 2015 11 21 12 28  0.000000      -6462270         14742
GDEP G12 G18 0 2015 11 21 08 40  0.000000 2015 11 21 12 28  0.000000      -6696154        210267
GDEP G18 G25 0 2015 11 21 09 13 30.000000 2015 11 21 13 24 30.000000       8424525       2642506
GDEP G18 G22 0 2015 11 21 08 47  0.000000 2015 11 21 13 24 30.000000       5318616       2741753
GDEP G18 G29 0 2015 11 21 12 30  0.000000 2015 11 21 13 24 30.000000      -6708594      -2320673
GDEP G18 G14 0 2015 11 21 08 13 30.000000 2015 11 21 13 24 30.000000       7982008       5588532
GDEP G18 G32 0 2015 11 21 12 08  0.000000 2015 11 21 13 24 30.000000       5951992       3544628
GDEP G18 G31 0 2015 11 21 10 04  0.000000 2015 11 21 13 24 30.000000       -238752       1925921
GDEP G18 G26 0 2015 11 21 11 48 30.000000 2015 11 21 13 24 30.000000        233884       -195525
GDEP G18 G16 0 2015 11 21 12 56  0.000000 2015 11 21 13 24 30.000000       8588007       3512668
GDEP G25 G16 0 2015 11 21 12 56  0.000000 2015 11 21 14 01  0.000000        163482        870162
GDEP G25 G22 0 2015 11 21 09 13 30.000000 2015 11 21 14 01  0.000000      -3105909         99247
GDEP G25 G29 0 2015 11 21 12 30  0.000000 2015 11 21 14 01  0.000000     -15133119      -4963179
GDEP G25 G14 0 2015 11 21 09 13 30.000000 2015 11 21 14 01  0.000000       -442517       2946026
GDEP G25 G32 0 2015 11 21 12 08  0.000000 2015 11 21 14 01  0.000000      -2472533        902122
GDEP G25 G03 0 2015 11 21 13 37  0.000000 2015 11 21 14 01  0.000000       2774199      -1261488
GDEP G25 G31 0 2015 11 21 10 04  0.000000 2015 11 21 14 01  0.000000      -8663277       -716585
GDEP G25 G26 0 2015 11 21 11 48 30.000000 2015 11 21 14 01  0.000000      -8190641      -2838031
GDEP G22 G14 0 2015 11 21 08 47  0.000000 2015 11 21 14 45  0.000000       2663392       2846779
GDEP G22 G32 0 2015 11 21 12 08  0.000000 2015 11 21 14 45  0.000000        633376        802875
GDEP G22 G03 0 2015 11 21 13 37  0.000000 2015 11 21 14 45  0.000000       5880108      -1360735
GDEP G22 G31 0 2015 11 21 10 04  0.000000 2015 11 21 14 45  0.000000      -5557368       -815832
GDEP G22 G26 0 2015 11 21 11 48 30.000000 2015 11 21 14 45  0.000000      -5084732      -2937278
GDEP G22 G16 0 2015 11 21 12 56  0.000000 2015 11 21 14 45  0.000000       3269391        770915
GDEP G22 G29 0 2015 11 21 12 30  0.000000 2015 11 21 14 45  0.000000     -12027210      -5062426
GDEP G29 G14 0 2015 11 21 12 30  0.000000 2015 11 21 15 17  0.000000      14690602       7909205
GDEP G29 G32 0 2015 11 21 12 30  0.000000 2015 11 21 15 17  0.000000      12660586       5865301
GDEP G29 G03 0 2015 11 21 13 37  0.000000 2015 11 21 15 17  0.000000      17907318       3701691
GDEP G29 G31 0 2015 11 21 12 30  0.000000 2015 11 21 15 17  0.000000       6469842       4246594
GDEP G29 G26 0 2015 11 21 12 30  0.000000 2015 11 21 15 17  0.000000       6942478       2125148
GDEP G29 G16 0 2015 11 21 12 56  0.000000 2015 11 21 15 17  0.000000      15296601       5833341
GDEP G29 G27 0 2015 11 21 14 36  0.000000 2015 11 21 15 17  0.000000      17663710      10816354
GDEP G14 G16 0 2015 11 21 12 56  0.000000 2015 11 21 16 05 30.000000        605999      -2075864
GDEP G14 G23 0 2015 11 21 15 00 30.000000 2015 11 21 16 05 30.000000     -10609774      -3776283
GDEP G14 G27 0 2015 11 21 14 36  0.000000 2015 11 21 16 05 30.000000       2973108       2907149
GDEP G14 G08 0 2015 11 21 15 40  0.000000 2015 11 21 16 05 30.000000      -4084249      -4896163
GDEP G14 G32 0 2015 11 21 12 08  0.000000 2015 11 21 16 05 30.000000      -2030016      -2043904
GDEP G14 G03 0 2015 11 21 13 37  0.000000 2015 11 21 16 05 30.000000       3216716      -4207514
GDEP G14 G31 0 2015 11 21 10 04  0.000000 2015 11 21 16 05 30.000000      -8220760      -3662611
GDEP G14 G26 0 2015 11 21 11 48 30.000000 2015 11 21 16 05 30.000000      -7748124      -5784057
GDEP G32 G16 0 2015 11 21 12 56  0.000000 2015 11 21 17 00  0.000000       2636015        -31960
GDEP G32 G23 0 2015 11 21 15 00 30.000000 2015 11 21 17 00  0.000000      -8579758      -1732379
GDEP G32 G27 0 2015 11 21 14 36  0.000000 2015 11 21 17 00  0.000000       5003124       4951053
GDEP G32 G09 0 2015 11 21 16 31  0.000000 2015 11 21 17 00  0.000000       3740178        926018
GDEP G32 G08 0 2015 11 21 15 40  0.000000 2015 11 21 17 00  0.000000      -2054233      -2852259
GDEP G32 G03 0 2015 11 21 13 37  0.000000 2015 11 21 17 00  0.000000       5246732      -2163610
GDEP G32 G31 0 2015 11 21 12 08  0.000000 2015 11 21 17 00  0.000000      -6190744      -1618707
GDEP G32 G26 0 2015 11 21 12 08  0.000000 2015 11 21 17 00  0.000000      -5718108      -3740153
GDEP G03 G27 0 2015 11 21 14 36  0.000000 2015 11 21 17 07  0.000000       -243608       7114663
GDEP G03 G09 0 2015 11 21 16 31  0.000000 2015 11 21 17 07  0.000000      -1506554       3089628
GDEP G03 G08 0 2015 11 21 15 40  0.000000 2015 11 21 17 07  0.000000      -7300965       -688649
GDEP G03 G31 0 2015 11 21 13 37  0.000000 2015 11 21 17 07  0.000000     -11437476        544903
GDEP G03 G26 0 2015 11 21 13 37  0.000000 2015 11 21 17 07  0.000000     -10964840      -1576543
GDEP G03 G16 0 2015 11 21 13 37  0.000000 2015 11 21 17 07  0.000000      -2610717       2131650
GDEP G03 G23 0 2015 11 21 15 00 30.000000 2015 11 21 17 07  0.000000     -13826490        431231
GDEP G31 G27 0 2015 11 21 14 36  0.000000 2015 11 21 17 58 30.000000      11193868       6569760
GDEP G31 G09 0 2015 11 21 16 31  0.000000 2015 11 21 17 58 30.000000       9930922       2544725
GDEP G31 G08 0 2015 11 21 15 40  0.000000 2015 11 21 17 58 30.000000       4136511      -1233552
GDEP G31 G11 0 2015 11 21 17 24  0.000000 2015 11 21 17 58 30.000000       9312309       3715276
GDEP G31 G26 0 2015 11 21 11 48 30.000000 2015 11 21 17 58 30.000000        472636      -2121446
GDEP G31 G16 0 2015 11 21 12 56  0.000000 2015 11 21 17 58 30.000000       8826759       1586747
GDEP G31 G23 0 2015 11 21 15 00 30.000000 2015 11 21 17 58 30.000000      -2389014       -113672
GDEP G26 G27 0 2015 11 21 14 36  0.000000 2015 11 21 18 23  0.000000      10721232       8691206
GDEP G26 G09 0 2015 11 21 16 31  0.000000 2015 11 21 18 23  0.000000       9458286       4666171
GDEP G26 G08 0 2015 11 21 15 40  0.000000 2015 11 21 18 23  0.000000       3663875        887894
GDEP G26 G07 0 2015 11 21 17 47 30.000000 2015 11 21 18 23  0.000000       2702467       5047153
GDEP G26 G11 0 2015 11 21 17 24  0.000000 2015 11 21 18 23  0.000000       8839673       5836722
GDEP G26 G16 0 2015 11 21 12 56  0.000000 2015 11 21 18 23  0.000000       8354123       3708193
GDEP G26 G23 0 2015 11 21 15 00 30.000000 2015 11 21 18 23  0.000000      -2861650       2007774
GDEP G16 G01 0 2015 11 21 18 15 30.000000 2015 11 21 20 04 30.000000      -2953499      -1818952
GDEP G16 G19 0 2015 11 21 18 22  0.000000 2015 11 21 20 04 30.000000      -7435071      -5847765
GDEP G16 G30 0 2015 11 21 19 07  0.000000 2015 11 21 20 04 30.000000       2241087       3434102
GDEP G16 G23 0 2015 11 21 15 00 30.000000 2015 11 21 20 04 30.000000     -11215773      -1700419
GDEP G16 G27 0 2015 11 21 14 36  0.000000 2015 11 21 20 04 30.000000       2367109       4983013
GDEP G16 G09 0 2015 11 21 16 31  0.000000 2015 11 21 20 04 30.000000       1104163        957978
GDEP G16 G08 0 2015 11 21 15 40  0.000000 2015 11 21 20 04 30.000000      -4690248      -2820299
GDEP G16 G07 0 2015 11 21 17 47 30.000000 2015 11 21 20 04 30.000000      -5651656       1338960
GDEP G16 G11 0 2015 11 21 17 24  0.000000 2015 11 21 20 04 30.000000        485550       2128529
GDEP G23 G19 0 2015 11 21 18 22  0.000000 2015 11 21 20 08  0.000000       3780702      -4147346
GDEP G23 G30 0 2015 11 21 19 07  0.000000 2015 11 21 20 08  0.000000      13456860       5134521
GDEP G23 G27 0 2015 11 21 15 00 30.000000 2015 11 21 20 08  0.000000      13582882       6683432
GDEP G23 G09 0 2015 11 21 16 31  0.000000 2015 11 21 20 08  0.000000      12319936       2658397
GDEP G23 G08 0 2015 11 21 15 40  0.000000 2015 11 21 20 08  0.000000       6525525      -1119880
GDEP G23 G07 0 2015 11 21 17 47 30.000000 2015 11 21 20 08  0.000000       5564117       3039379
GDEP G23 G11 0 2015 11 21 17 24  0.000000 2015 11 21 20 08  0.000000      11701323       3828948
GDEP G23 G01 0 2015 11 21 18 15 30.000000 2015 11 21 20 08  0.000000       8262274       -118533
GDEP G27 G30 0 2015 11 21 19 07  0.000000 2015 11 21 20 08 30.000000       -126022      -1548911
GDEP G27 G09 0 2015 11 21 16 31  0.000000 2015 11 21 20 08 30.000000      -1262946      -4025035
GDEP G27 G08 0 2015 11 21 15 40  0.000000 2015 11 21 20 08 30.000000      -7057357      -7803312
GDEP G27 G07 0 2015 11 21 17 47 30.000000 2015 11 21 20 08 30.000000      -8018765      -3644053
GDEP G27 G11 0 2015 11 21 17 24  0.000000 2015 11 21 20 08 30.000000      -1881559      -2854484
GDEP G27 G01 0 2015 11 21 18 15 30.000000 2015 11 21 20 08 30.000000      -5320608      -6801965
GDEP G27 G19 0 2015 11 21 18 22  0.000000 2015 11 21 20 08 30.000000      -9802180     -10830778
GDEP G09 G07 0 2015 11 21 17 47 30.000000 2015 11 21 20 52 30.000000      -6755819        380982
GDEP G09 G11 0 2015 11 21 17 24  0.000000 2015 11 21 20 52 30.000000       -618613       1170551
GDEP G09 G01 0 2015 11 21 18 15 30.000000 2015 11 21 20 52 30.000000      -4057662      -2776930
GDEP G09 G19 0 2015 11 21 18 22  0.000000 2015 11 21 20 52 30.000000      -8539234      -6805743
GDEP G09 G03 0 2015 11 21 20 30  0.000000 2015 11 21 20 52 30.000000      -7590026      -2812136
GDEP G09 G17 0 2015 11 21 20 13  0.000000 2015 11 21 20 52 30.000000     -14379457      -6939490
GDEP G09 G28 0 2015 11 21 20 05 30.000000 2015 11 21 20 52 30.000000       -381956      -4337497
GDEP G09 G30 0 2015 11 21 19 07  0.000000 2015 11 21 20 52 30.000000       1136924       2476124
GDEP G09 G08 0 2015 11 21 16 31  0.000000 2015 11 21 20 52 30.000000      -5794411      -3778277
GDEP G09 G32 0 2015 11 21 20 32 30.000000 2015 11 21 20 52 30.000000      -3972101      -2814011
GDEP G08 G11 0 2015 11 21 17 24  0.000000 2015 11 21 22 10  0.000000       5175798       4948828
GDEP G08 G01 0 2015 11 21 18 15 30.000000 2015 11 21 22 10  0.000000       1736749       1001347
GDEP G08 G19 0 2015 11 21 18 22  0.000000 2015 11 21 22 10  0.000000      -2744823      -3027466
GDEP G08 G03 0 2015 11 21 20 30  0.000000 2015 11 21 22 10  0.000000      -1795615        966141
GDEP G08 G17 0 2015 11 21 20 13  0.000000 2015 11 21 22 10  0.000000      -8585046      -3161213
GDEP G08 G28 0 2015 11 21 20 05 30.000000 2015 11 21 22 10  0.000000       5412455       -559220
GDEP G08 G30 0 2015 11 21 19 07  0.000000 2015 11 21 22 10  0.000000       6931335       6254401
GDEP G08 G32 0 2015 11 21 20 32 30.000000 2015 11 21 22 10  0.000000       1822310        964266
GDEP G08 G07 0 2015 11 21 17 47 30.000000 2015 11 21 22 10  0.000000       -961408       4159259
GDEP G32 G11 0 2015 11 21 20 32 30.000000 2015 11 21 23 13 30.000000       3353488       3984562
GDEP G32 G01 0 2015 11 21 20 32 30.000000 2015 11 21 23 13 30.000000        -85561         37081
GDEP G32 G19 0 2015 11 21 20 32 30.000000 2015 11 21 23 13 30.000000      -4567133      -3991732
GDEP G32 G06 0 2015 11 21 21 54 30.000000 2015 11 21 23 13 30.000000       4133914       3453993
GDEP G32 G03 0 2015 11 21 20 32 30.000000 2015 11 21 23 13 30.000000      -3617925          1875
GDEP G32 G17 0 2015 11 21 20 32 30.000000 2015 11 21 23 13 30.000000     -10407356      -4125479
GDEP G32 G28 0 2015 11 21 20 32 30.000000 2015 11 21 23 13 30.000000       3590145      -1523486
GDEP G32 G30 0 2015 11 21 20 32 30.000000 2015 11 21 23 13 30.000000       5109025       5290135
GDEP G32 G07 0 2015 11 21 20 32 30.000000 2015 11 21 23 13 30.000000      -2783718       3194993
GDEP G07 G01 0 2015 11 21 18 15 30.000000 2015 11 21 23 19 30.000000       2698157      -3157912
GDEP G07 G19 0 2015 11 21 18 22  0.000000 2015 11 21 23 19 30.000000      -1783415      -7186725
GDEP G07 G06 0 2015 11 21 21 54 30.000000 2015 11 21 23 19 30.000000       6917632        259000
GDEP G07 G03 0 2015 11 21 20 30  0.000000 2015 11 21 23 19 30.000000       -834207      -3193118
GDEP G07 G17 0 2015 11 21 20 13  0.000000 2015 11 21 23 19 30.000000      -7623638      -7320472
GDEP G07 G28 0 2015 11 21 20 05 30.000000 2015 11 21 23 19 30.000000       6373863      -4718479
GDEP G07 G30 0 2015 11 21 19 07  0.000000 2015 11 21 23 19 30.000000       7892743       2095142
GDEP G07 G11 0 2015 11 21 17 47 30.000000 2015 11 21 23 19 30.000000       6137206        789569
GDEP G11 G01 0 2015 11 21 18 15 30.000000 2015 11 21 23 22 30.000000      -3439049      -3947481
GDEP G11 G19 0 2015 11 21 18 22  0.000000 2015 11 21 23 22 30.000000      -7920621      -7976294
GDEP G11 G06 0 2015 11 21 21 54 30.000000 2015 11 21 23 22 30.000000        780426       -530569
GDEP G11 G03 0 2015 11 21 20 30  0.000000 2015 11 21 23 22 30.000000      -6971413      -3982687
GDEP G11 G17 0 2015 11 21 20 13  0.000000 2015 11 21 23 22 30.000000     -13760844      -8110041
GDEP G11 G28 0 2015 11 21 20 05 30.000000 2015 11 21 23 22 30.000000        236657      -5508048
GDEP G11 G30 0 2015 11 21 19 07  0.000000 2015 11 21 23 22 30.000000       1755537       1305573
GDEP G01 G19 0 2015 11 21 18 22  0.000000 2015 11 21 23 38 30.000000      -4481572      -4028813
GDEP G01 G06 0 2015 11 21 21 54 30.000000 2015 11 21 23 38 30.000000       4219475       3416912
GDEP G01 G03 0 2015 11 21 20 30  0.000000 2015 11 21 23 38 30.000000      -3532364        -35206
GDEP G01 G17 0 2015 11 21 20 13  0.000000 2015 11 21 23 38 30.000000     -10321795      -4162560
GDEP G01 G28 0 2015 11 21 20 05 30.000000 2015 11 21 23 38 30.000000       3675706      -1560567
GDEP G01 G30 0 2015 11 21 19 07  0.000000 2015 11 21 23 38 30.000000       5194586       5253054
GDEP G19 G06 0 2015 11 21 21 54 30.000000 2015 11 21 23 59 30.000000       8701047       7445725
GDEP G19 G03 0 2015 11 21 20 30  0.000000 2015 11 21 23 59 30.000000        949208       3993607
GDEP G19 G17 0 2015 11 21 20 13  0.000000 2015 11 21 23 59 30.000000      -5840223       -133747
GDEP G19 G28 0 2015 11 21 20 05 30.000000 2015 11 21 23 59 30.000000       8157278       2468246
GDEP G19 G30 0 2015 11 21 19 07  0.000000 2015 11 21 23 59 30.000000       9676158       9281867
GDEP G19 G02 0 2015 11 21 23 33  0.000000 2015 11 21 23 59 30.000000      -1822985      -1212460
GDEP G02 G06 0 2015 11 21 23 33  0.000000 2015 11 21 23 59 30.000000      10524032       8658185
GDEP G02 G03 0 2015 11 21 23 33  0.000000 2015 11 21 23 59 30.000000       2772193       5206067
GDEP G02 G17 0 2015 11 21 23 33  0.000000 2015 11 21 23 59 30.000000      -4017238       1078713
GDEP G02 G28 0 2015 11 21 23 33  0.000000 2015 11 21 23 59 30.000000       9980263       3680706
GDEP G02 G30 0 2015 11 21 23 33  0.000000 2015 11 21 23 59 30.000000      11499143      10494327
GDEP G06 G03 0 2015 11 21 21 54 30.000000 2015 11 21 23 59 30.000000      -7751839      -3452118
GDEP G06 G17 0 2015 11 21 21 54 30.000000 2015 11 21 23 59 30.000000     -14541270      -7579472
GDEP G06 G28 0 2015 11 21 21 54 30.000000 2015 11 21 23 59 30.000000       -543769      -4977479
GDEP G06 G30 0 2015 11 21 21 54 30.000000 2015 11 21 23 59 30.000000        975111       1836142
GDEP G03 G17 0 2015 11 21 20 30  0.000000 2015 11 21 23 59 30.000000      -6789431      -4127354
GDEP G03 G28 0 2015 11 21 20 30  0.000000 2015 11 21 23 59 30.000000       7208070      -1525361
GDEP G03 G30 0 2015 11 21 20 30  0.000000 2015 11 21 23 59 30.000000       8726950       5288260
GDEP G17 G28 0 2015 11 21 20 13  0.000000 2015 11 21 23 59 30.000000      13997501       2601993
GDEP G17 G30 0 2015 11 21 20 13  0.000000 2015 11 21 23 59 30.000000      15516381       9415614
GDEP G28 G30 0 2015 11 21 20 05 30.000000 2015 11 21 23 59 30.000000       1518880       6813621
