Single-Difference Ambiguity Constraint                      COMMENT
    SD                                                      TYPE OF CONSTRAINT
    100.0                                                   WL-FIX PERCENTAGE
    100.0                                                   NL-FIX PERCENTAGE
                                                            END OF HEADER
FSGH G09 G17 0 2015 11 21 03 00 30.000000 2015 11 21 03 58 30.000000      -7164618      -1219508
FSGH G09 G13 0 2015 11 21 03 00 30.000000 2015 11 21 03 58 30.000000     -12390054      -4447101
FSGH G09 G20 0 2015 11 21 03 10 30.000000 2015 11 21 03 58 30.000000     -10774660      -5965860
FSGH G09 G12 0 2015 11 21 03 00 30.000000 2015 11 21 03 58 30.000000      -2135822          8032
FSGH G09 G25 0 2015 11 21 03 00 30.000000 2015 11 21 03 58 30.000000      -2740947      -2329060
FSGH G09 G06 0 2015 11 21 03 00 30.000000 2015 11 21 03 58 30.000000      -5732401       1777398
FSGH G09 G02 0 2015 11 21 03 00 30.000000 2015 11 21 03 58 30.000000       5030162       2541667
FSGH G09 G05 0 2015 11 21 03 00 30.000000 2015 11 21 03 58 30.000000      -2903294       1812206
FSGH G17 G05 0 2015 11 21 03 00 30.000000 2015 11 21 04 06  0.000000       4261324       3031714
FSGH G17 G13 0 2015 11 21 03 00 30.000000 2015 11 21 04 06  0.000000      -5225436      -3227593
FSGH G17 G20 0 2015 11 21 03 10 30.000000 2015 11 21 04 06  0.000000      -3610042      -4746352
FSGH G17 G12 0 2015 11 21 03 00 30.000000 2015 11 21 04 06  0.000000       5028796       1227540
FSGH G17 G25 0 2015 11 21 03 00 30.000000 2015 11 21 04 06  0.000000       4423671      -1109552
FSGH G17 G06 0 2015 11 21 03 00 30.000000 2015 11 21 04 06  0.000000       1432217       2996906
FSGH G17 G02 0 2015 11 21 03 00 30.000000 2015 11 21 04 06  0.000000      12194780       3761175
FSGH G12 G05 0 2015 11 21 03 00 30.000000 2015 11 21 04 38  0.000000       -767472       1804174
FSGH G12 G13 0 2015 11 21 03 00 30.000000 2015 11 21 04 38  0.000000     -10254232      -4455133
FSGH G12 G29 0 2015 11 21 04 06 30.000000 2015 11 21 04 38  0.000000       2074250       -219867
FSGH G12 G15 0 2015 11 21 03 58  0.000000 2015 11 21 04 38  0.000000      -1780702       3992541
FSGH G12 G20 0 2015 11 21 03 10 30.000000 2015 11 21 04 38  0.000000      -8638838      -5973892
FSGH G12 G25 0 2015 11 21 03 00 30.000000 2015 11 21 04 38  0.000000       -605125      -2337092
FSGH G12 G06 0 2015 11 21 03 00 30.000000 2015 11 21 04 38  0.000000      -3596579       1769366
FSGH G12 G02 0 2015 11 21 03 00 30.000000 2015 11 21 04 38  0.000000       7165984       2533635
FSGH G25 G05 0 2015 11 21 03 00 30.000000 2015 11 21 05 01  0.000000       -162347       4141266
FSGH G25 G13 0 2015 11 21 03 00 30.000000 2015 11 21 05 01  0.000000      -9649107      -2118041
FSGH G25 G29 0 2015 11 21 04 06 30.000000 2015 11 21 05 01  0.000000       2679375       2117225
FSGH G25 G15 0 2015 11 21 03 58  0.000000 2015 11 21 05 01  0.000000      -1175577       6329633
FSGH G25 G20 0 2015 11 21 03 10 30.000000 2015 11 21 05 01  0.000000      -8033713      -3636800
FSGH G25 G06 0 2015 11 21 03 00 30.000000 2015 11 21 05 01  0.000000      -2991454       4106458
FSGH G25 G02 0 2015 11 21 03 00 30.000000 2015 11 21 05 01  0.000000       7771109       4870727
FSGH G06 G05 0 2015 11 21 03 00 30.000000 2015 11 21 05 49  0.000000       2829107         34808
FSGH G06 G13 0 2015 11 21 03 00 30.000000 2015 11 21 05 49  0.000000      -6657653      -6224499
FSGH G06 G29 0 2015 11 21 04 06 30.000000 2015 11 21 05 49  0.000000       5670829      -1989233
FSGH G06 G15 0 2015 11 21 03 58  0.000000 2015 11 21 05 49  0.000000       1815877       2223175
FSGH G06 G20 0 2015 11 21 03 10 30.000000 2015 11 21 05 49  0.000000      -5042259      -7743258
FSGH G06 G02 0 2015 11 21 03 00 30.000000 2015 11 21 05 49  0.000000      10762563        764269
FSGH G02 G15 0 2015 11 21 03 58  0.000000 2015 11 21 07 31 30.000000      -8946686       1458906
FSGH G02 G20 0 2015 11 21 03 10 30.000000 2015 11 21 07 31 30.000000     -15804822      -8507527
FSGH G02 G24 0 2015 11 21 06 01 30.000000 2015 11 21 07 31 30.000000     -15219170      -3982048
FSGH G02 G21 0 2015 11 21 06 15  0.000000 2015 11 21 07 31 30.000000      -8084100      -2720953
FSGH G02 G18 0 2015 11 21 06 28  0.000000 2015 11 21 07 31 30.000000      -8038019        577327
FSGH G02 G05 0 2015 11 21 03 00 30.000000 2015 11 21 07 31 30.000000      -7933456       -729461
FSGH G02 G13 0 2015 11 21 03 00 30.000000 2015 11 21 07 31 30.000000     -17420216      -6988768
FSGH G02 G29 0 2015 11 21 04 06 30.000000 2015 11 21 07 31 30.000000      -5091734      -2753502
FSGH G05 G13 0 2015 11 21 03 00 30.000000 2015 11 21 08 14 30.000000      -9486760      -6259307
FSGH G05 G24 0 2015 11 21 06 01 30.000000 2015 11 21 08 14 30.000000      -7285714      -3252587
FSGH G05 G21 0 2015 11 21 06 15  0.000000 2015 11 21 08 14 30.000000       -150644      -1991492
FSGH G05 G18 0 2015 11 21 06 28  0.000000 2015 11 21 08 14 30.000000       -104563       1306788
FSGH G05 G20 0 2015 11 21 03 10 30.000000 2015 11 21 08 14 30.000000      -7871366      -7778066
FSGH G05 G29 0 2015 11 21 04 06 30.000000 2015 11 21 08 14 30.000000       2841722      -2024041
FSGH G05 G15 0 2015 11 21 03 58  0.000000 2015 11 21 08 14 30.000000      -1013230       2188367
FSGH G13 G20 0 2015 11 21 03 10 30.000000 2015 11 21 08 37  0.000000       1615394      -1518759
FSGH G13 G24 0 2015 11 21 06 01 30.000000 2015 11 21 08 37  0.000000       2201046       3006720
FSGH G13 G21 0 2015 11 21 06 15  0.000000 2015 11 21 08 37  0.000000       9336116       4267815
FSGH G13 G18 0 2015 11 21 06 28  0.000000 2015 11 21 08 37  0.000000       9382197       7566095
FSGH G13 G14 0 2015 11 21 08 12  0.000000 2015 11 21 08 37  0.000000        620611      -1483906
FSGH G13 G29 0 2015 11 21 04 06 30.000000 2015 11 21 08 37  0.000000      12328482       4235266
FSGH G13 G15 0 2015 11 21 03 58  0.000000 2015 11 21 08 37  0.000000       8473530       8447674
FSGH G29 G14 0 2015 11 21 08 12  0.000000 2015 11 21 08 49  0.000000     -11707871      -5719172
FSGH G29 G15 0 2015 11 21 04 06 30.000000 2015 11 21 08 49  0.000000      -3854952       4212408
FSGH G29 G20 0 2015 11 21 04 06 30.000000 2015 11 21 08 49  0.000000     -10713088      -5754025
FSGH G29 G24 0 2015 11 21 06 01 30.000000 2015 11 21 08 49  0.000000     -10127436      -1228546
FSGH G29 G21 0 2015 11 21 06 15  0.000000 2015 11 21 08 49  0.000000      -2992366         32549
FSGH G29 G18 0 2015 11 21 06 28  0.000000 2015 11 21 08 49  0.000000      -2946285       3330829
FSGH G15 G24 0 2015 11 21 06 01 30.000000 2015 11 21 10 45 30.000000      -6272484      -5440954
FSGH G15 G21 0 2015 11 21 06 15  0.000000 2015 11 21 10 45 30.000000        862586      -4179859
FSGH G15 G12 0 2015 11 21 08 43 30.000000 2015 11 21 10 45 30.000000      -4788550      -5149149
FSGH G15 G18 0 2015 11 21 06 28  0.000000 2015 11 21 10 45 30.000000        908667       -881579
FSGH G15 G25 0 2015 11 21 09 15 30.000000 2015 11 21 10 45 30.000000       3877154      -4082105
FSGH G15 G22 0 2015 11 21 08 45  0.000000 2015 11 21 10 45 30.000000       -802352      -7437877
FSGH G15 G14 0 2015 11 21 08 12  0.000000 2015 11 21 10 45 30.000000      -7852919      -9931580
FSGH G15 G31 0 2015 11 21 10 20  0.000000 2015 11 21 10 45 30.000000       7538862       -424519
FSGH G15 G20 0 2015 11 21 03 58  0.000000 2015 11 21 10 45 30.000000      -6858136      -9966433
FSGH G20 G25 0 2015 11 21 09 15 30.000000 2015 11 21 11 00  0.000000      10735290       5884328
FSGH G20 G22 0 2015 11 21 08 45  0.000000 2015 11 21 11 00  0.000000       6055784       2528556
FSGH G20 G14 0 2015 11 21 08 12  0.000000 2015 11 21 11 00  0.000000       -994783         34853
FSGH G20 G31 0 2015 11 21 10 20  0.000000 2015 11 21 11 00  0.000000      14396998       9541914
FSGH G20 G24 0 2015 11 21 06 01 30.000000 2015 11 21 11 00  0.000000        585652       4525479
FSGH G20 G21 0 2015 11 21 06 15  0.000000 2015 11 21 11 00  0.000000       7720722       5786574
FSGH G20 G12 0 2015 11 21 08 43 30.000000 2015 11 21 11 00  0.000000       2069586       4817284
FSGH G20 G18 0 2015 11 21 06 28  0.000000 2015 11 21 11 00  0.000000       7766803       9084854
FSGH G24 G31 0 2015 11 21 10 20  0.000000 2015 11 21 11 34 30.000000      13811346       5016435
FSGH G24 G21 0 2015 11 21 06 15  0.000000 2015 11 21 11 34 30.000000       7135070       1261095
FSGH G24 G12 0 2015 11 21 08 43 30.000000 2015 11 21 11 34 30.000000       1483934        291805
FSGH G24 G18 0 2015 11 21 06 28  0.000000 2015 11 21 11 34 30.000000       7181151       4559375
FSGH G24 G25 0 2015 11 21 09 15 30.000000 2015 11 21 11 34 30.000000      10149638       1358849
FSGH G24 G22 0 2015 11 21 08 45  0.000000 2015 11 21 11 34 30.000000       5470132      -1996923
FSGH G24 G14 0 2015 11 21 08 12  0.000000 2015 11 21 11 34 30.000000      -1580435      -4490626
FSGH G21 G25 0 2015 11 21 09 15 30.000000 2015 11 21 11 43 30.000000       3014568         97754
FSGH G21 G22 0 2015 11 21 08 45  0.000000 2015 11 21 11 43 30.000000      -1664938      -3258018
FSGH G21 G14 0 2015 11 21 08 12  0.000000 2015 11 21 11 43 30.000000      -8715505      -5751721
FSGH G21 G31 0 2015 11 21 10 20  0.000000 2015 11 21 11 43 30.000000       6676276       3755340
FSGH G21 G12 0 2015 11 21 08 43 30.000000 2015 11 21 11 43 30.000000      -5651136       -969290
FSGH G21 G18 0 2015 11 21 06 28  0.000000 2015 11 21 11 43 30.000000         46081       3298280
FSGH G12 G32 0 2015 11 21 12 06  0.000000 2015 11 21 12 41  0.000000       7691333      -2912322
FSGH G12 G31 0 2015 11 21 10 20  0.000000 2015 11 21 12 41  0.000000      12327412       4724630
FSGH G12 G26 0 2015 11 21 11 48 30.000000 2015 11 21 12 41  0.000000       4014049      -3652670
FSGH G12 G18 0 2015 11 21 08 43 30.000000 2015 11 21 12 41  0.000000       5697217       4267570
FSGH G12 G25 0 2015 11 21 09 15 30.000000 2015 11 21 12 41  0.000000       8665704       1067044
FSGH G12 G22 0 2015 11 21 08 45  0.000000 2015 11 21 12 41  0.000000       3986198      -2288728
FSGH G12 G14 0 2015 11 21 08 43 30.000000 2015 11 21 12 41  0.000000      -3064369      -4782431
FSGH G18 G25 0 2015 11 21 09 15 30.000000 2015 11 21 13 22 30.000000       2968487      -3200526
FSGH G18 G22 0 2015 11 21 08 45  0.000000 2015 11 21 13 22 30.000000      -1711019      -6556298
FSGH G18 G29 0 2015 11 21 12 33 30.000000 2015 11 21 13 22 30.000000      -2635960     -11033678
FSGH G18 G14 0 2015 11 21 08 12  0.000000 2015 11 21 13 22 30.000000      -8761586      -9050001
FSGH G18 G32 0 2015 11 21 12 06  0.000000 2015 11 21 13 22 30.000000       1994116      -7179892
FSGH G18 G31 0 2015 11 21 10 20  0.000000 2015 11 21 13 22 30.000000       6630195        457060
FSGH G18 G26 0 2015 11 21 11 48 30.000000 2015 11 21 13 22 30.000000      -1683168      -7920240
FSGH G18 G16 0 2015 11 21 12 56  0.000000 2015 11 21 13 22 30.000000      -6439562      -8320782
FSGH G25 G16 0 2015 11 21 12 56  0.000000 2015 11 21 14 14  0.000000      -9408049      -5120256
FSGH G25 G22 0 2015 11 21 09 15 30.000000 2015 11 21 14 14  0.000000      -4679506      -3355772
FSGH G25 G29 0 2015 11 21 12 33 30.000000 2015 11 21 14 14  0.000000      -5604447      -7833152
FSGH G25 G14 0 2015 11 21 09 15 30.000000 2015 11 21 14 14  0.000000     -11730073      -5849475
FSGH G25 G03 0 2015 11 21 13 35 30.000000 2015 11 21 14 14  0.000000      -6145268        405596
FSGH G25 G32 0 2015 11 21 12 06  0.000000 2015 11 21 14 14  0.000000       -974371      -3979366
FSGH G25 G31 0 2015 11 21 10 20  0.000000 2015 11 21 14 14  0.000000       3661708       3657586
FSGH G25 G26 0 2015 11 21 11 48 30.000000 2015 11 21 14 14  0.000000      -4651655      -4719714
FSGH G22 G14 0 2015 11 21 08 45  0.000000 2015 11 21 14 43 30.000000      -7050567      -2493703
FSGH G22 G03 0 2015 11 21 13 35 30.000000 2015 11 21 14 43 30.000000      -1465762       3761368
FSGH G22 G32 0 2015 11 21 12 06  0.000000 2015 11 21 14 43 30.000000       3705135       -623594
FSGH G22 G31 0 2015 11 21 10 20  0.000000 2015 11 21 14 43 30.000000       8341214       7013358
FSGH G22 G26 0 2015 11 21 11 48 30.000000 2015 11 21 14 43 30.000000         27851      -1363942
FSGH G22 G16 0 2015 11 21 12 56  0.000000 2015 11 21 14 43 30.000000      -4728543      -1764484
FSGH G22 G29 0 2015 11 21 12 33 30.000000 2015 11 21 14 43 30.000000       -924941      -4477380
FSGH G29 G16 0 2015 11 21 12 56  0.000000 2015 11 21 15 30  0.000000      -3803602       2712896
FSGH G29 G23 0 2015 11 21 14 58 30.000000 2015 11 21 15 30  0.000000       2825530       6033871
FSGH G29 G27 0 2015 11 21 14 37  0.000000 2015 11 21 15 30  0.000000        324641       3737773
FSGH G29 G14 0 2015 11 21 12 33 30.000000 2015 11 21 15 30  0.000000      -6125626       1983677
FSGH G29 G03 0 2015 11 21 13 35 30.000000 2015 11 21 15 30  0.000000       -540821       8238748
FSGH G29 G32 0 2015 11 21 12 33 30.000000 2015 11 21 15 30  0.000000       4630076       3853786
FSGH G29 G31 0 2015 11 21 12 33 30.000000 2015 11 21 15 30  0.000000       9266155      11490738
FSGH G29 G26 0 2015 11 21 12 33 30.000000 2015 11 21 15 30  0.000000        952792       3113438
FSGH G14 G16 0 2015 11 21 12 56  0.000000 2015 11 21 16 03 30.000000       2322024        729219
FSGH G14 G23 0 2015 11 21 14 58 30.000000 2015 11 21 16 03 30.000000       8951156       4050194
FSGH G14 G27 0 2015 11 21 14 37  0.000000 2015 11 21 16 03 30.000000       6450267       1754096
FSGH G14 G08 0 2015 11 21 15 40 30.000000 2015 11 21 16 03 30.000000        569193       3742151
FSGH G14 G03 0 2015 11 21 13 35 30.000000 2015 11 21 16 03 30.000000       5584805       6255071
FSGH G14 G32 0 2015 11 21 12 06  0.000000 2015 11 21 16 03 30.000000      10755702       1870109
FSGH G14 G31 0 2015 11 21 10 20  0.000000 2015 11 21 16 03 30.000000      15391781       9507061
FSGH G14 G26 0 2015 11 21 11 48 30.000000 2015 11 21 16 03 30.000000       7078418       1129761
FSGH G03 G16 0 2015 11 21 13 35 30.000000 2015 11 21 16 53  0.000000      -3262781      -5525852
FSGH G03 G23 0 2015 11 21 14 58 30.000000 2015 11 21 16 53  0.000000       3366351      -2204877
FSGH G03 G27 0 2015 11 21 14 37  0.000000 2015 11 21 16 53  0.000000        865462      -4500975
FSGH G03 G09 0 2015 11 21 16 29 30.000000 2015 11 21 16 53  0.000000      11200664       2113868
FSGH G03 G08 0 2015 11 21 15 40 30.000000 2015 11 21 16 53  0.000000      -5015612      -2512920
FSGH G03 G32 0 2015 11 21 13 35 30.000000 2015 11 21 16 53  0.000000       5170897      -4384962
FSGH G03 G31 0 2015 11 21 13 35 30.000000 2015 11 21 16 53  0.000000       9806976       3251990
FSGH G03 G26 0 2015 11 21 13 35 30.000000 2015 11 21 16 53  0.000000       1493613      -5125310
FSGH G32 G27 0 2015 11 21 14 37  0.000000 2015 11 21 16 59 30.000000      -4305435       -116013
FSGH G32 G09 0 2015 11 21 16 29 30.000000 2015 11 21 16 59 30.000000       6029767       6498830
FSGH G32 G08 0 2015 11 21 15 40 30.000000 2015 11 21 16 59 30.000000     -10186509       1872042
FSGH G32 G31 0 2015 11 21 12 06  0.000000 2015 11 21 16 59 30.000000       4636079       7636952
FSGH G32 G26 0 2015 11 21 12 06  0.000000 2015 11 21 16 59 30.000000      -3677284       -740348
FSGH G32 G16 0 2015 11 21 12 56  0.000000 2015 11 21 16 59 30.000000      -8433678      -1140890
FSGH G32 G23 0 2015 11 21 14 58 30.000000 2015 11 21 16 59 30.000000      -1804546       2180085
FSGH G31 G27 0 2015 11 21 14 37  0.000000 2015 11 21 17 56 30.000000      -8941514      -7752965
FSGH G31 G09 0 2015 11 21 16 29 30.000000 2015 11 21 17 56 30.000000       1393688      -1138122
FSGH G31 G08 0 2015 11 21 15 40 30.000000 2015 11 21 17 56 30.000000     -14822588      -5764910
FSGH G31 G11 0 2015 11 21 17 24 30.000000 2015 11 21 17 56 30.000000     -11888662      -9256229
FSGH G31 G26 0 2015 11 21 11 48 30.000000 2015 11 21 17 56 30.000000      -8313363      -8377300
FSGH G31 G16 0 2015 11 21 12 56  0.000000 2015 11 21 17 56 30.000000     -13069757      -8777842
FSGH G31 G23 0 2015 11 21 14 58 30.000000 2015 11 21 17 56 30.000000      -6440625      -5456867
FSGH G26 G27 0 2015 11 21 14 37  0.000000 2015 11 21 18 23 30.000000       -628151        624335
FSGH G26 G09 0 2015 11 21 16 29 30.000000 2015 11 21 18 23 30.000000       9707051       7239178
FSGH G26 G08 0 2015 11 21 15 40 30.000000 2015 11 21 18 23 30.000000      -6509225       2612390
FSGH G26 G07 0 2015 11 21 17 46  0.000000 2015 11 21 18 23 30.000000      -6438511      -1181055
FSGH G26 G11 0 2015 11 21 17 24 30.000000 2015 11 21 18 23 30.000000      -3575299       -878929
FSGH G26 G16 0 2015 11 21 12 56  0.000000 2015 11 21 18 23 30.000000      -4756394       -400542
FSGH G26 G23 0 2015 11 21 14 58 30.000000 2015 11 21 18 23 30.000000       1872738       2920433
FSGH G16 G01 0 2015 11 21 18 16 30.000000 2015 11 21 20 02 30.000000       4852888       4493623
FSGH G16 G30 0 2015 11 21 19 05  0.000000 2015 11 21 20 02 30.000000      15650091      10129296
FSGH G16 G19 0 2015 11 21 18 39  0.000000 2015 11 21 20 02 30.000000       6402583       3838721
FSGH G16 G23 0 2015 11 21 14 58 30.000000 2015 11 21 20 02 30.000000       6629132       3320975
FSGH G16 G27 0 2015 11 21 14 37  0.000000 2015 11 21 20 02 30.000000       4128243       1024877
FSGH G16 G09 0 2015 11 21 16 29 30.000000 2015 11 21 20 02 30.000000      14463445       7639720
FSGH G16 G08 0 2015 11 21 15 40 30.000000 2015 11 21 20 02 30.000000      -1752831       3012932
FSGH G16 G07 0 2015 11 21 17 46  0.000000 2015 11 21 20 02 30.000000      -1682117       -780513
FSGH G16 G11 0 2015 11 21 17 24 30.000000 2015 11 21 20 02 30.000000       1181095       -478387
FSGH G23 G30 0 2015 11 21 19 05  0.000000 2015 11 21 20 07  0.000000       9020959       6808321
FSGH G23 G19 0 2015 11 21 18 39  0.000000 2015 11 21 20 07  0.000000       -226549        517746
FSGH G23 G27 0 2015 11 21 14 58 30.000000 2015 11 21 20 07  0.000000      -2500889      -2296098
FSGH G23 G09 0 2015 11 21 16 29 30.000000 2015 11 21 20 07  0.000000       7834313       4318745
FSGH G23 G08 0 2015 11 21 15 40 30.000000 2015 11 21 20 07  0.000000      -8381963       -308043
FSGH G23 G07 0 2015 11 21 17 46  0.000000 2015 11 21 20 07  0.000000      -8311249      -4101488
FSGH G23 G11 0 2015 11 21 17 24 30.000000 2015 11 21 20 07  0.000000      -5448037      -3799362
FSGH G23 G01 0 2015 11 21 18 16 30.000000 2015 11 21 20 07  0.000000      -1776244       1172648
FSGH G27 G19 0 2015 11 21 18 39  0.000000 2015 11 21 20 23 30.000000       2274340       2813844
FSGH G27 G09 0 2015 11 21 16 29 30.000000 2015 11 21 20 23 30.000000      10335202       6614843
FSGH G27 G08 0 2015 11 21 15 40 30.000000 2015 11 21 20 23 30.000000      -5881074       1988055
FSGH G27 G07 0 2015 11 21 17 46  0.000000 2015 11 21 20 23 30.000000      -5810360      -1805390
FSGH G27 G11 0 2015 11 21 17 24 30.000000 2015 11 21 20 23 30.000000      -2947148      -1503264
FSGH G27 G01 0 2015 11 21 18 16 30.000000 2015 11 21 20 23 30.000000        724645       3468746
FSGH G27 G30 0 2015 11 21 19 05  0.000000 2015 11 21 20 23 30.000000      11521848       9104419
FSGH G09 G30 0 2015 11 21 19 05  0.000000 2015 11 21 20 52 30.000000       1186646       2489576
FSGH G09 G19 0 2015 11 21 18 39  0.000000 2015 11 21 20 52 30.000000      -8060862      -3800999
FSGH G09 G17 0 2015 11 21 20 12  0.000000 2015 11 21 20 52 30.000000     -11001042      -8632911
FSGH G09 G28 0 2015 11 21 20 05  0.000000 2015 11 21 20 52 30.000000      -9809519      -4006080
FSGH G09 G08 0 2015 11 21 16 29 30.000000 2015 11 21 20 52 30.000000     -16216276      -4626788
FSGH G09 G07 0 2015 11 21 17 46  0.000000 2015 11 21 20 52 30.000000     -16145562      -8420233
FSGH G09 G11 0 2015 11 21 17 24 30.000000 2015 11 21 20 52 30.000000     -13282350      -8118107
FSGH G09 G01 0 2015 11 21 18 16 30.000000 2015 11 21 20 52 30.000000      -9610557      -3146097
FSGH G08 G11 0 2015 11 21 17 24 30.000000 2015 11 21 22 10 30.000000       2933926      -3491319
FSGH G08 G01 0 2015 11 21 18 16 30.000000 2015 11 21 22 10 30.000000       6605719       1480691
FSGH G08 G30 0 2015 11 21 19 05  0.000000 2015 11 21 22 10 30.000000      17402922       7116364
FSGH G08 G19 0 2015 11 21 18 39  0.000000 2015 11 21 22 10 30.000000       8155414        825789
FSGH G08 G03 0 2015 11 21 20 34  0.000000 2015 11 21 22 10 30.000000       5958360      -1569253
FSGH G08 G17 0 2015 11 21 20 12  0.000000 2015 11 21 22 10 30.000000       5215234      -4006123
FSGH G08 G28 0 2015 11 21 20 05  0.000000 2015 11 21 22 10 30.000000       6406757        620708
FSGH G08 G07 0 2015 11 21 17 46  0.000000 2015 11 21 22 10 30.000000         70714      -3793445
FSGH G08 G32 0 2015 11 21 20 36  0.000000 2015 11 21 22 10 30.000000       9374231       4162417
FSGH G07 G11 0 2015 11 21 17 46  0.000000 2015 11 21 23 18  0.000000       2863212        302126
FSGH G07 G01 0 2015 11 21 18 16 30.000000 2015 11 21 23 18  0.000000       6535005       5274136
FSGH G07 G30 0 2015 11 21 19 05  0.000000 2015 11 21 23 18  0.000000      17332208      10909809
FSGH G07 G19 0 2015 11 21 18 39  0.000000 2015 11 21 23 18  0.000000       8084700       4619234
FSGH G07 G06 0 2015 11 21 22 13 30.000000 2015 11 21 23 18  0.000000       6172452       5286111
FSGH G07 G03 0 2015 11 21 20 34  0.000000 2015 11 21 23 18  0.000000       5887646       2224192
FSGH G07 G17 0 2015 11 21 20 12  0.000000 2015 11 21 23 18  0.000000       5144520       -212678
FSGH G07 G28 0 2015 11 21 20 05  0.000000 2015 11 21 23 18  0.000000       6336043       4414153
FSGH G07 G32 0 2015 11 21 20 36  0.000000 2015 11 21 23 18  0.000000       9303517       7955862
FSGH G32 G01 0 2015 11 21 20 36  0.000000 2015 11 21 23 25 30.000000      -2768512      -2681726
FSGH G32 G30 0 2015 11 21 20 36  0.000000 2015 11 21 23 25 30.000000       8028691       2953947
FSGH G32 G19 0 2015 11 21 20 36  0.000000 2015 11 21 23 25 30.000000      -1218817      -3336628
FSGH G32 G06 0 2015 11 21 22 13 30.000000 2015 11 21 23 25 30.000000      -3131065      -2669751
FSGH G32 G03 0 2015 11 21 20 36  0.000000 2015 11 21 23 25 30.000000      -3415871      -5731670
FSGH G32 G17 0 2015 11 21 20 36  0.000000 2015 11 21 23 25 30.000000      -4158997      -8168540
FSGH G32 G28 0 2015 11 21 20 36  0.000000 2015 11 21 23 25 30.000000      -2967474      -3541709
FSGH G32 G11 0 2015 11 21 20 36  0.000000 2015 11 21 23 25 30.000000      -6440305      -7653736
FSGH G11 G01 0 2015 11 21 18 16 30.000000 2015 11 21 23 26  0.000000       3671793       4972010
FSGH G11 G30 0 2015 11 21 19 05  0.000000 2015 11 21 23 26  0.000000      14468996      10607683
FSGH G11 G19 0 2015 11 21 18 39  0.000000 2015 11 21 23 26  0.000000       5221488       4317108
FSGH G11 G06 0 2015 11 21 22 13 30.000000 2015 11 21 23 26  0.000000       3309240       4983985
FSGH G11 G03 0 2015 11 21 20 34  0.000000 2015 11 21 23 26  0.000000       3024434       1922066
FSGH G11 G17 0 2015 11 21 20 12  0.000000 2015 11 21 23 26  0.000000       2281308       -514804
FSGH G11 G28 0 2015 11 21 20 05  0.000000 2015 11 21 23 26  0.000000       3472831       4112027
FSGH G01 G30 0 2015 11 21 19 05  0.000000 2015 11 21 23 52  0.000000      10797203       5635673
FSGH G01 G19 0 2015 11 21 18 39  0.000000 2015 11 21 23 52  0.000000       1549695       -654902
FSGH G01 G06 0 2015 11 21 22 13 30.000000 2015 11 21 23 52  0.000000       -362553         11975
FSGH G01 G03 0 2015 11 21 20 34  0.000000 2015 11 21 23 52  0.000000       -647359      -3049944
FSGH G01 G17 0 2015 11 21 20 12  0.000000 2015 11 21 23 52  0.000000      -1390485      -5486814
FSGH G01 G28 0 2015 11 21 20 05  0.000000 2015 11 21 23 52  0.000000       -198962       -859983
FSGH G30 G03 0 2015 11 21 20 34  0.000000 2015 11 21 23 59 30.000000     -11444562      -8685617
FSGH G30 G17 0 2015 11 21 20 12  0.000000 2015 11 21 23 59 30.000000     -12187688     -11122487
FSGH G30 G28 0 2015 11 21 20 05  0.000000 2015 11 21 23 59 30.000000     -10996165      -6495656
FSGH G30 G19 0 2015 11 21 19 05  0.000000 2015 11 21 23 59 30.000000      -9247508      -6290575
FSGH G30 G02 0 2015 11 21 23 33 30.000000 2015 11 21 23 59 30.000000      -4335190      -7018271
FSGH G30 G06 0 2015 11 21 22 13 30.000000 2015 11 21 23 59 30.000000     -11159756      -5623698
FSGH G19 G02 0 2015 11 21 23 33 30.000000 2015 11 21 23 59 30.000000       4912318       -727696
FSGH G19 G06 0 2015 11 21 22 13 30.000000 2015 11 21 23 59 30.000000      -1912248        666877
FSGH G19 G03 0 2015 11 21 20 34  0.000000 2015 11 21 23 59 30.000000      -2197054      -2395042
FSGH G19 G17 0 2015 11 21 20 12  0.000000 2015 11 21 23 59 30.000000      -2940180      -4831912
FSGH G19 G28 0 2015 11 21 20 05  0.000000 2015 11 21 23 59 30.000000      -1748657       -205081
FSGH G02 G06 0 2015 11 21 23 33 30.000000 2015 11 21 23 59 30.000000      -6824566       1394573
FSGH G02 G03 0 2015 11 21 23 33 30.000000 2015 11 21 23 59 30.000000      -7109372      -1667346
FSGH G02 G17 0 2015 11 21 23 33 30.000000 2015 11 21 23 59 30.000000      -7852498      -4104216
FSGH G02 G28 0 2015 11 21 23 33 30.000000 2015 11 21 23 59 30.000000      -6660975        522615
FSGH G06 G03 0 2015 11 21 22 13 30.000000 2015 11 21 23 59 30.000000       -284806      -3061919
FSGH G06 G17 0 2015 11 21 22 13 30.000000 2015 11 21 23 59 30.000000      -1027932      -5498789
FSGH G06 G28 0 2015 11 21 22 13 30.000000 2015 11 21 23 59 30.000000        163591       -871958
FSGH G03 G17 0 2015 11 21 20 34  0.000000 2015 11 21 23 59 30.000000       -743126      -2436870
FSGH G03 G28 0 2015 11 21 20 34  0.000000 2015 11 21 23 59 30.000000        448397       2189961
FSGH G17 G28 0 2015 11 21 20 12  0.000000 2015 11 21 23 59 30.000000       1191523       4626831
