Single-Difference Ambiguity Constraint                      COMMENT
    SD                                                      TYPE OF CONSTRAINT
    100.0                                                   WL-FIX PERCENTAGE
     98.5                                                   NL-FIX PERCENTAGE
                                                            END OF HEADER
FSGH G09 G17 0 2015 11 21 03 00  0.000000 2015 11 21 03 44 30.000000       1575870       5231671
FSGH G09 G13 0 2015 11 21 03 00 30.000000 2015 11 21 03 44 30.000000      -6083568        871415
FSGH G09 G02 0 2015 11 21 03 00  0.000000 2015 11 21 03 44 30.000000      13144312       9803716
FSGH G09 G05 0 2015 11 21 03 00  0.000000 2015 11 21 03 44 30.000000       5561384       9776743
FSGH G17 G05 0 2015 11 21 03 00  0.000000 2015 11 21 04 07  0.000000       3985514       4545072
FSGH G17 G13 0 2015 11 21 03 00 30.000000 2015 11 21 04 07  0.000000      -7659438      -4360256
FSGH G17 G20 0 2015 11 21 03 10 30.000000 2015 11 21 04 07  0.000000       1122843        632884
FSGH G17 G25 0 2015 11 21 03 00 30.000000 2015 11 21 04 07  0.000000      -4490143      -5616187
FSGH G17 G12 0 2015 11 21 03 00  0.000000 2015 11 21 04 07  0.000000        166875       -317600
FSGH G17 G06 0 2015 11 21 03 00  0.000000 2015 11 21 04 07  0.000000      -1197206       2063957
FSGH G17 G02 0 2015 11 21 03 00  0.000000 2015 11 21 04 07  0.000000      11568442       4572045
FSGH G25 G05 0 2015 11 21 03 00 30.000000 2015 11 21 04 20 30.000000       8475657      10161259
FSGH G25 G13 0 2015 11 21 03 00 30.000000 2015 11 21 04 20 30.000000      -3169295       1255931
FSGH G25 G15 0 2015 11 21 03 58  0.000000 2015 11 21 04 20 30.000000      12953310      11080002
FSGH G25 G20 0 2015 11 21 03 10 30.000000 2015 11 21 04 20 30.000000       5612986       6249071
FSGH G25 G12 0 2015 11 21 03 00 30.000000 2015 11 21 04 20 30.000000       4657018       5298587
FSGH G25 G06 0 2015 11 21 03 00 30.000000 2015 11 21 04 20 30.000000       3292937       7680144
FSGH G25 G02 0 2015 11 21 03 00 30.000000 2015 11 21 04 20 30.000000      16058585      10188232
FSGH G12 G05 0 2015 11 21 03 00  0.000000 2015 11 21 05 11  0.000000       3818639       4862672
FSGH G12 G13 0 2015 11 21 03 00 30.000000 2015 11 21 05 11  0.000000      -7826313      -4042656
FSGH G12 G29 0 2015 11 21 04 07 30.000000 2015 11 21 05 11  0.000000      -2298203      -6287693
FSGH G12 G15 0 2015 11 21 03 58  0.000000 2015 11 21 05 11  0.000000       8296292       5781415
FSGH G12 G20 0 2015 11 21 03 10 30.000000 2015 11 21 05 11  0.000000        955968        950484
FSGH G12 G06 0 2015 11 21 03 00  0.000000 2015 11 21 05 11  0.000000      -1364081       2381557
FSGH G12 G02 0 2015 11 21 03 00  0.000000 2015 11 21 05 11  0.000000      11401567       4889645
FSGH G06 G05 0 2015 11 21 03 00  0.000000 2015 11 21 05 50 30.000000       5182720       2481115
FSGH G06 G13 0 2015 11 21 03 00 30.000000 2015 11 21 05 50 30.000000      -6462232      -6424213
FSGH G06 G29 0 2015 11 21 04 07 30.000000 2015 11 21 05 50 30.000000       -934122      -8669250
FSGH G06 G15 0 2015 11 21 03 58  0.000000 2015 11 21 05 50 30.000000       9660373       3399858
FSGH G06 G20 0 2015 11 21 03 10 30.000000 2015 11 21 05 50 30.000000       2320049      -1431073
FSGH G06 G02 0 2015 11 21 03 00  0.000000 2015 11 21 05 50 30.000000      12765648       2508088
FSGH G02 G05 0 2015 11 21 03 00  0.000000 2015 11 21 07 32 30.000000      -7582928        -26973
FSGH G02 G20 0 2015 11 21 03 10 30.000000 2015 11 21 07 32 30.000000     -10445599      -3939161
FSGH G02 G24 0 2015 11 21 06 01  0.000000 2015 11 21 07 32 30.000000      -6978598        141460
FSGH G02 G21 0 2015 11 21 06 16 30.000000 2015 11 21 07 32 30.000000      -9740138      -6006930
FSGH G02 G18 0 2015 11 21 06 34  0.000000 2015 11 21 07 32 30.000000     -14502162      -5279261
FSGH G02 G13 0 2015 11 21 03 00 30.000000 2015 11 21 07 32 30.000000     -19227880      -8932301
FSGH G02 G29 0 2015 11 21 04 07 30.000000 2015 11 21 07 32 30.000000     -13699770     -11177338
FSGH G02 G15 0 2015 11 21 03 58  0.000000 2015 11 21 07 32 30.000000      -3105275        891770
FSGH G05 G20 0 2015 11 21 03 10 30.000000 2015 11 21 08 14 30.000000      -2862671      -3912188
FSGH G05 G24 0 2015 11 21 06 01  0.000000 2015 11 21 08 14 30.000000        604330        168433
FSGH G05 G21 0 2015 11 21 06 16 30.000000 2015 11 21 08 14 30.000000      -2157210      -5979957
FSGH G05 G18 0 2015 11 21 06 34  0.000000 2015 11 21 08 14 30.000000      -6919234      -5252288
FSGH G05 G13 0 2015 11 21 03 00 30.000000 2015 11 21 08 14 30.000000     -11644952      -8905328
FSGH G05 G29 0 2015 11 21 04 07 30.000000 2015 11 21 08 14 30.000000      -6116842     -11150365
FSGH G05 G15 0 2015 11 21 03 58  0.000000 2015 11 21 08 14 30.000000       4477653        918743
FSGH G13 G29 0 2015 11 21 04 07 30.000000 2015 11 21 08 22 30.000000       5528110      -2245037
FSGH G13 G15 0 2015 11 21 03 58  0.000000 2015 11 21 08 22 30.000000      16122605       9824071
FSGH G13 G20 0 2015 11 21 03 10 30.000000 2015 11 21 08 22 30.000000       8782281       4993140
FSGH G13 G24 0 2015 11 21 06 01  0.000000 2015 11 21 08 22 30.000000      12249282       9073761
FSGH G13 G21 0 2015 11 21 06 16 30.000000 2015 11 21 08 22 30.000000       9487742       2925371
FSGH G13 G18 0 2015 11 21 06 34  0.000000 2015 11 21 08 22 30.000000       4725718       3653040
FSGH G29 G14 0 2015 11 21 08 12  0.000000 2015 11 21 08 49  0.000000      -1777169        542809
FSGH G29 G15 0 2015 11 21 04 07 30.000000 2015 11 21 08 49  0.000000      10594495      12069108
FSGH G29 G20 0 2015 11 21 04 07 30.000000 2015 11 21 08 49  0.000000       3254171       7238177
FSGH G29 G24 0 2015 11 21 06 01  0.000000 2015 11 21 08 49  0.000000       6721172      11318798
FSGH G29 G21 0 2015 11 21 06 16 30.000000 2015 11 21 08 49  0.000000       3959632       5170408
FSGH G29 G18 0 2015 11 21 06 34  0.000000 2015 11 21 08 49  0.000000       -802392       5898077
FSGH G15 G24 0 2015 11 21 06 01  0.000000 2015 11 21 10 46  0.000000      -3873323       -750310
FSGH G15 G21 0 2015 11 21 06 16 30.000000 2015 11 21 10 46  0.000000      -6634863      -6898700
FSGH G15 G12 0 2015 11 21 08 41 30.000000 2015 11 21 10 46  0.000000     -13190946      -5077310
FSGH G15 G18 0 2015 11 21 06 34  0.000000 2015 11 21 10 46  0.000000     -11396887      -6171031
FSGH G15 G25 0 2015 11 21 09 15  0.000000 2015 11 21 10 46  0.000000      -2383090      -4418638
FSGH G15 G22 0 2015 11 21 08 45 30.000000 2015 11 21 10 46  0.000000     -11636998     -11905006
FSGH G15 G14 0 2015 11 21 08 12  0.000000 2015 11 21 10 46  0.000000     -12371664     -11526299
FSGH G15 G31 0 2015 11 21 10 03 30.000000 2015 11 21 10 46  0.000000      -1320732      -5351001
FSGH G15 G20 0 2015 11 21 03 58  0.000000 2015 11 21 10 46  0.000000      -7340324      -4830931
FSGH G20 G25 0 2015 11 21 09 15  0.000000 2015 11 21 11 01  0.000000       4957234        412293
FSGH G20 G22 0 2015 11 21 08 45 30.000000 2015 11 21 11 01  0.000000      -4296674      -7074075
FSGH G20 G14 0 2015 11 21 08 12  0.000000 2015 11 21 11 01  0.000000      -5031340      -6695368
FSGH G20 G31 0 2015 11 21 10 03 30.000000 2015 11 21 11 01  0.000000       6019592       -520070
FSGH G20 G24 0 2015 11 21 06 01  0.000000 2015 11 21 11 01  0.000000       3467001       4080621
FSGH G20 G21 0 2015 11 21 06 16 30.000000 2015 11 21 11 01  0.000000        705461      -2067769
FSGH G20 G12 0 2015 11 21 08 41 30.000000 2015 11 21 11 01  0.000000      -5850622       -246379
FSGH G20 G18 0 2015 11 21 06 34  0.000000 2015 11 21 11 01  0.000000      -4056563      -1340100
FSGH G24 G31 0 2015 11 21 10 03 30.000000 2015 11 21 11 21 30.000000       2552591      -4600691
FSGH G24 G21 0 2015 11 21 06 16 30.000000 2015 11 21 11 21 30.000000      -2761540      -6148390
FSGH G24 G12 0 2015 11 21 08 41 30.000000 2015 11 21 11 21 30.000000      -9317623      -4327000
FSGH G24 G18 0 2015 11 21 06 34  0.000000 2015 11 21 11 21 30.000000      -7523564      -5420721
FSGH G24 G25 0 2015 11 21 09 15  0.000000 2015 11 21 11 21 30.000000       1490233      -3668328
FSGH G24 G22 0 2015 11 21 08 45 30.000000 2015 11 21 11 21 30.000000      -7763675     -11154696
FSGH G24 G14 0 2015 11 21 08 12  0.000000 2015 11 21 11 21 30.000000      -8498341     -10775989
FSGH G21 G25 0 2015 11 21 09 15  0.000000 2015 11 21 11 44  0.000000       4251773       2480062
FSGH G21 G22 0 2015 11 21 08 45 30.000000 2015 11 21 11 44  0.000000      -5002135      -5006306
FSGH G21 G14 0 2015 11 21 08 12  0.000000 2015 11 21 11 44  0.000000      -5736801      -4627599
FSGH G21 G31 0 2015 11 21 10 03 30.000000 2015 11 21 11 44  0.000000       5314131       1547699
FSGH G21 G12 0 2015 11 21 08 41 30.000000 2015 11 21 11 44  0.000000      -6556083       1821390
FSGH G21 G18 0 2015 11 21 06 34  0.000000 2015 11 21 11 44  0.000000      -4762024        727669
FSGH G12 G32 0 2015 11 21 12 07  0.000000 2015 11 21 12 28  0.000000       6519274      -2063720
FSGH G12 G31 0 2015 11 21 10 03 30.000000 2015 11 21 12 28  0.000000      11870214       -273691
FSGH G12 G26 0 2015 11 21 11 48 30.000000 2015 11 21 12 28  0.000000       7141224        667428
FSGH G12 G18 0 2015 11 21 08 41 30.000000 2015 11 21 12 28  0.000000       1794059      -1093721
FSGH G12 G25 0 2015 11 21 09 15  0.000000 2015 11 21 12 28  0.000000      10807856        658672
FSGH G12 G22 0 2015 11 21 08 45 30.000000 2015 11 21 12 28  0.000000       1553948      -6827696
FSGH G12 G14 0 2015 11 21 08 41 30.000000 2015 11 21 12 28  0.000000        819282      -6448989
FSGH G18 G25 0 2015 11 21 09 15  0.000000 2015 11 21 13 23 30.000000       9013797       1752393
FSGH G18 G22 0 2015 11 21 08 45 30.000000 2015 11 21 13 23 30.000000       -240111      -5733975
FSGH G18 G29 0 2015 11 21 12 31  0.000000 2015 11 21 13 23 30.000000      12351331        937514
FSGH G18 G14 0 2015 11 21 08 12  0.000000 2015 11 21 13 23 30.000000       -974777      -5355268
FSGH G18 G32 0 2015 11 21 12 07  0.000000 2015 11 21 13 23 30.000000       4725215       -969999
FSGH G18 G31 0 2015 11 21 10 03 30.000000 2015 11 21 13 23 30.000000      10076155        820030
FSGH G18 G26 0 2015 11 21 11 48 30.000000 2015 11 21 13 23 30.000000       5347165       1761149
FSGH G18 G16 0 2015 11 21 12 56  0.000000 2015 11 21 13 23 30.000000      -3717625      -2674785
FSGH G25 G16 0 2015 11 21 12 56  0.000000 2015 11 21 14 01  0.000000     -12731422      -4427178
FSGH G25 G22 0 2015 11 21 09 15  0.000000 2015 11 21 14 01  0.000000      -9253908      -7486368
FSGH G25 G29 0 2015 11 21 12 31  0.000000 2015 11 21 14 01  0.000000       3337534       -814879
FSGH G25 G14 0 2015 11 21 09 15  0.000000 2015 11 21 14 01  0.000000      -9988574      -7107661
FSGH G25 G32 0 2015 11 21 12 07  0.000000 2015 11 21 14 01  0.000000      -4288582      -2722392
FSGH G25 G03 0 2015 11 21 13 36 30.000000 2015 11 21 14 01  0.000000     -12098756      -1475781
FSGH G25 G31 0 2015 11 21 10 03 30.000000 2015 11 21 14 01  0.000000       1062358       -932363
FSGH G25 G26 0 2015 11 21 11 48 30.000000 2015 11 21 14 01  0.000000      -3666632          8756
FSGH G22 G14 0 2015 11 21 08 45 30.000000 2015 11 21 14 44  0.000000       -734666        378707
FSGH G22 G32 0 2015 11 21 12 07  0.000000 2015 11 21 14 44  0.000000       4965326       4763976
FSGH G22 G03 0 2015 11 21 13 36 30.000000 2015 11 21 14 44  0.000000      -2844848       6010587
FSGH G22 G31 0 2015 11 21 10 03 30.000000 2015 11 21 14 44  0.000000      10316266       6554005
FSGH G22 G26 0 2015 11 21 11 48 30.000000 2015 11 21 14 44  0.000000       5587276       7495124
FSGH G22 G16 0 2015 11 21 12 56  0.000000 2015 11 21 14 44  0.000000      -3477514       3059190
FSGH G22 G29 0 2015 11 21 12 31  0.000000 2015 11 21 14 44  0.000000      12591442       6671489
FSGH G29 G14 0 2015 11 21 12 31  0.000000 2015 11 21 15 17  0.000000     -13326108      -6292782
FSGH G29 G32 0 2015 11 21 12 31  0.000000 2015 11 21 15 17  0.000000      -7626116      -1907513
FSGH G29 G03 0 2015 11 21 13 36 30.000000 2015 11 21 15 17  0.000000     -15436290       -660902
FSGH G29 G31 0 2015 11 21 12 31  0.000000 2015 11 21 15 17  0.000000      -2275176       -117484
FSGH G29 G26 0 2015 11 21 12 31  0.000000 2015 11 21 15 17  0.000000      -7004166        823635
FSGH G29 G16 0 2015 11 21 12 56  0.000000 2015 11 21 15 17  0.000000     -16068956      -3612299
FSGH G29 G27 0 2015 11 21 14 37  0.000000 2015 11 21 15 17  0.000000     -14293910      -5215095
FSGH G14 G16 0 2015 11 21 12 56  0.000000 2015 11 21 16 04 30.000000      -2742848       2680483
FSGH G14 G23 0 2015 11 21 15 00  0.000000 2015 11 21 16 04 30.000000       9108217       7865058
FSGH G14 G27 0 2015 11 21 14 37  0.000000 2015 11 21 16 04 30.000000       -967802       1077687
FSGH G14 G08 0 2015 11 21 15 40 30.000000 2015 11 21 16 04 30.000000      -5667383       3194443
FSGH G14 G32 0 2015 11 21 12 07  0.000000 2015 11 21 16 04 30.000000       5699992       4385269
FSGH G14 G03 0 2015 11 21 13 36 30.000000 2015 11 21 16 04 30.000000      -2110182       5631880
FSGH G14 G31 0 2015 11 21 10 03 30.000000 2015 11 21 16 04 30.000000      11050932       6175298
FSGH G14 G26 0 2015 11 21 11 48 30.000000 2015 11 21 16 04 30.000000       6321942       7116417
FSGH G32 G16 0 2015 11 21 12 56  0.000000 2015 11 21 16 59 30.000000      -8442840      -1704786
FSGH G32 G23 0 2015 11 21 15 00  0.000000 2015 11 21 16 59 30.000000       3408225       3479789
FSGH G32 G27 0 2015 11 21 14 37  0.000000 2015 11 21 16 59 30.000000      -6667794      -3307582
FSGH G32 G09 0 2015 11 21 16 30 30.000000 2015 11 21 16 59 30.000000       2688326       4007379
FSGH G32 G08 0 2015 11 21 15 40 30.000000 2015 11 21 16 59 30.000000     -11367375      -1190826
FSGH G32 G03 0 2015 11 21 13 36 30.000000 2015 11 21 16 59 30.000000      -7810174       1246611
FSGH G32 G31 0 2015 11 21 12 07  0.000000 2015 11 21 16 59 30.000000       5350940       1790029
FSGH G32 G26 0 2015 11 21 12 07  0.000000 2015 11 21 16 59 30.000000        621950       2731148
FSGH G03 G27 0 2015 11 21 14 37  0.000000 2015 11 21 17 07 30.000000       1142380      -4554193
FSGH G03 G09 0 2015 11 21 16 30 30.000000 2015 11 21 17 07 30.000000      10498500       2760768
FSGH G03 G08 0 2015 11 21 15 40 30.000000 2015 11 21 17 07 30.000000      -3557201      -2437437
FSGH G03 G31 0 2015 11 21 13 36 30.000000 2015 11 21 17 07 30.000000      13161114        543418
FSGH G03 G26 0 2015 11 21 13 36 30.000000 2015 11 21 17 07 30.000000       8432124       1484537
FSGH G03 G16 0 2015 11 21 13 36 30.000000 2015 11 21 17 07 30.000000       -632666      -2951397
FSGH G03 G23 0 2015 11 21 15 00  0.000000 2015 11 21 17 07 30.000000      11218399       2233178
FSGH G31 G27 0 2015 11 21 14 37  0.000000 2015 11 21 17 58  0.000000     -12018734      -5097611
FSGH G31 G09 0 2015 11 21 16 30 30.000000 2015 11 21 17 58  0.000000      -2662614       2217350
FSGH G31 G08 0 2015 11 21 15 40 30.000000 2015 11 21 17 58  0.000000     -16718315      -2980855
FSGH G31 G11 0 2015 11 21 17 24 30.000000 2015 11 21 17 58  0.000000     -11563610      -7607339
FSGH G31 G26 0 2015 11 21 11 48 30.000000 2015 11 21 17 58  0.000000      -4728990        941119
FSGH G31 G16 0 2015 11 21 12 56  0.000000 2015 11 21 17 58  0.000000     -13793780      -3494815
FSGH G31 G23 0 2015 11 21 15 00  0.000000 2015 11 21 17 58  0.000000      -1942715       1689760
FSGH G26 G27 0 2015 11 21 14 37  0.000000 2015 11 21 18 23  0.000000      -7289744      -6038730
FSGH G26 G09 0 2015 11 21 16 30 30.000000 2015 11 21 18 23  0.000000       2066376       1276231
FSGH G26 G08 0 2015 11 21 15 40 30.000000 2015 11 21 18 23  0.000000     -11989325      -3921974
FSGH G26 G07 0 2015 11 21 17 47  0.000000 2015 11 21 18 23  0.000000      -2404595      -4895193
FSGH G26 G11 0 2015 11 21 17 24 30.000000 2015 11 21 18 23  0.000000      -6834620      -8548458
FSGH G26 G16 0 2015 11 21 12 56  0.000000 2015 11 21 18 23  0.000000      -9064790      -4435934
FSGH G26 G23 0 2015 11 21 15 00  0.000000 2015 11 21 18 23  0.000000       2786275        748641
FSGH G16 G01 0 2015 11 21 18 16 30.000000 2015 11 21 20 02 30.000000       -557445       3311336
FSGH G16 G19 0 2015 11 21 18 22  0.000000 2015 11 21 20 02 30.000000       9529852       5448876
FSGH G16 G30 0 2015 11 21 19 06  0.000000 2015 11 21 20 02 30.000000      14657722       4096194
FSGH G16 G23 0 2015 11 21 15 00  0.000000 2015 11 21 20 02 30.000000      11851065       5184575
FSGH G16 G27 0 2015 11 21 14 37  0.000000 2015 11 21 20 02 30.000000       1775046      -1602796
FSGH G16 G09 0 2015 11 21 16 30 30.000000 2015 11 21 20 02 30.000000      11131166       5712165
FSGH G16 G08 0 2015 11 21 15 40 30.000000 2015 11 21 20 02 30.000000      -2924535        513960
FSGH G16 G07 0 2015 11 21 17 47  0.000000 2015 11 21 20 02 30.000000       6660195       -459259
FSGH G16 G11 0 2015 11 21 17 24 30.000000 2015 11 21 20 02 30.000000       2230170      -4112524
FSGH G23 G19 0 2015 11 21 18 22  0.000000 2015 11 21 20 07 30.000000      -2321213        264301
FSGH G23 G30 0 2015 11 21 19 06  0.000000 2015 11 21 20 07 30.000000       2806657      -1088381
FSGH G23 G27 0 2015 11 21 15 00  0.000000 2015 11 21 20 07 30.000000     -10076019      -6787371
FSGH G23 G09 0 2015 11 21 16 30 30.000000 2015 11 21 20 07 30.000000       -719899        527590
FSGH G23 G08 0 2015 11 21 15 40 30.000000 2015 11 21 20 07 30.000000     -14775600      -4670615
FSGH G23 G07 0 2015 11 21 17 47  0.000000 2015 11 21 20 07 30.000000      -5190870      -5643834
FSGH G23 G11 0 2015 11 21 17 24 30.000000 2015 11 21 20 07 30.000000      -9620895      -9297099
FSGH G23 G01 0 2015 11 21 18 16 30.000000 2015 11 21 20 07 30.000000     -12408510      -1873239
FSGH G27 G30 0 2015 11 21 19 06  0.000000 2015 11 21 20 08 30.000000      12882676       5698990
FSGH G27 G09 0 2015 11 21 16 30 30.000000 2015 11 21 20 08 30.000000       9356120       7314961
FSGH G27 G08 0 2015 11 21 15 40 30.000000 2015 11 21 20 08 30.000000      -4699581       2116756
FSGH G27 G07 0 2015 11 21 17 47  0.000000 2015 11 21 20 08 30.000000       4885149       1143537
FSGH G27 G11 0 2015 11 21 17 24 30.000000 2015 11 21 20 08 30.000000        455124      -2509728
FSGH G27 G01 0 2015 11 21 18 16 30.000000 2015 11 21 20 08 30.000000      -2332491       4914132
FSGH G27 G19 0 2015 11 21 18 22  0.000000 2015 11 21 20 08 30.000000       7754806       7051672
FSGH G09 G01 0 2015 11 21 18 16 30.000000 2015 11 21 20 52 30.000000     -11688611      -2400829
FSGH G09 G19 0 2015 11 21 18 22  0.000000 2015 11 21 20 52 30.000000      -1601314       -263289
FSGH G09 G03 0 2015 11 21 20 32 30.000000 2015 11 21 20 52 30.000000       -594784       -906148
FSGH G09 G17 0 2015 11 21 20 12  0.000000 2015 11 21 20 52 30.000000       2109195        107716
FSGH G09 G28 0 2015 11 21 20 04  0.000000 2015 11 21 20 52 30.000000      -3478429       1618049
FSGH G09 G30 0 2015 11 21 19 06  0.000000 2015 11 21 20 52 30.000000       3526556      -1615971
FSGH G09 G08 0 2015 11 21 16 30 30.000000 2015 11 21 20 52 30.000000     -14055701      -5198205
FSGH G09 G07 0 2015 11 21 17 47  0.000000 2015 11 21 20 52 30.000000      -4470971      -6171424
FSGH G09 G11 0 2015 11 21 17 24 30.000000 2015 11 21 20 52 30.000000      -8900996      -9824689
FSGH G08 G11 0 2015 11 21 17 24 30.000000 2015 11 21 22 10  0.000000       5154705      -4626484
FSGH G08 G01 0 2015 11 21 18 16 30.000000 2015 11 21 22 10  0.000000       2367090       2797376
FSGH G08 G19 0 2015 11 21 18 22  0.000000 2015 11 21 22 10  0.000000      12454387       4934916
FSGH G08 G03 0 2015 11 21 20 32 30.000000 2015 11 21 22 10  0.000000      13460917       4292057
FSGH G08 G17 0 2015 11 21 20 12  0.000000 2015 11 21 22 10  0.000000      16164896       5305921
FSGH G08 G28 0 2015 11 21 20 04  0.000000 2015 11 21 22 10  0.000000      10577272       6816254
FSGH G08 G30 0 2015 11 21 19 06  0.000000 2015 11 21 22 10  0.000000      17582257       3582234
FSGH G08 G32 0 2015 11 21 20 33 30.000000 2015 11 21 22 10  0.000000      14660922       4137260
FSGH G08 G07 0 2015 11 21 17 47  0.000000 2015 11 21 22 10  0.000000       9584730       -973219
FSGH G32 G11 0 2015 11 21 20 33 30.000000 2015 11 21 23 13 30.000000      -9506217      -8763744
FSGH G32 G01 0 2015 11 21 20 33 30.000000 2015 11 21 23 13 30.000000     -12293832      -1339884
FSGH G32 G19 0 2015 11 21 20 33 30.000000 2015 11 21 23 13 30.000000      -2206535        797656
FSGH G32 G06 0 2015 11 21 21 54  0.000000 2015 11 21 23 13 30.000000       -789806        286390
FSGH G32 G03 0 2015 11 21 20 33 30.000000 2015 11 21 23 13 30.000000      -1200005        154797
FSGH G32 G17 0 2015 11 21 20 33 30.000000 2015 11 21 23 13 30.000000       1503974       1168661
FSGH G32 G28 0 2015 11 21 20 33 30.000000 2015 11 21 23 13 30.000000      -4083650       2678994
FSGH G32 G30 0 2015 11 21 20 33 30.000000 2015 11 21 23 13 30.000000       2921335       -555026
FSGH G32 G07 0 2015 11 21 20 33 30.000000 2015 11 21 23 13 30.000000      -5076192      -5110479
FSGH G07 G01 0 2015 11 21 18 16 30.000000 2015 11 21 23 18 30.000000      -7217640       3770595
FSGH G07 G19 0 2015 11 21 18 22  0.000000 2015 11 21 23 18 30.000000       2869657       5908135
FSGH G07 G06 0 2015 11 21 21 54  0.000000 2015 11 21 23 18 30.000000       4286386       5396869
FSGH G07 G03 0 2015 11 21 20 32 30.000000 2015 11 21 23 18 30.000000       3876187       5265276
FSGH G07 G17 0 2015 11 21 20 12  0.000000 2015 11 21 23 18 30.000000       6580166       6279140
FSGH G07 G28 0 2015 11 21 20 04  0.000000 2015 11 21 23 18 30.000000        992542       7789473
FSGH G07 G30 0 2015 11 21 19 06  0.000000 2015 11 21 23 18 30.000000       7997527       4555453
FSGH G07 G11 0 2015 11 21 17 47  0.000000 2015 11 21 23 18 30.000000      -4430025      -3653265
FSGH G11 G01 0 2015 11 21 18 16 30.000000 2015 11 21 23 22 30.000000      -2787615       7423860
FSGH G11 G19 0 2015 11 21 18 22  0.000000 2015 11 21 23 22 30.000000       7299682       9561400
FSGH G11 G06 0 2015 11 21 21 54  0.000000 2015 11 21 23 22 30.000000       8716411       9050134
FSGH G11 G03 0 2015 11 21 20 32 30.000000 2015 11 21 23 22 30.000000       8306212       8918541
FSGH G11 G17 0 2015 11 21 20 12  0.000000 2015 11 21 23 22 30.000000      11010191       9932405
FSGH G11 G28 0 2015 11 21 20 04  0.000000 2015 11 21 23 22 30.000000       5422567      11442738
FSGH G11 G30 0 2015 11 21 19 06  0.000000 2015 11 21 23 22 30.000000      12427552       8208718
FSGH G01 G19 0 2015 11 21 18 22  0.000000 2015 11 21 23 38 30.000000      10087297       2137540
FSGH G01 G06 0 2015 11 21 21 54  0.000000 2015 11 21 23 38 30.000000      11504026       1626274
FSGH G01 G03 0 2015 11 21 20 32 30.000000 2015 11 21 23 38 30.000000      11093827       1494681
FSGH G01 G17 0 2015 11 21 20 12  0.000000 2015 11 21 23 38 30.000000      13797806       2508545
FSGH G01 G28 0 2015 11 21 20 04  0.000000 2015 11 21 23 38 30.000000       8210182       4018878
FSGH G01 G30 0 2015 11 21 19 06  0.000000 2015 11 21 23 38 30.000000      15215167        784858
FSGH G19 G06 0 2015 11 21 21 54  0.000000 2015 11 21 23 59 30.000000       1416729       -511266
FSGH G19 G03 0 2015 11 21 20 32 30.000000 2015 11 21 23 59 30.000000       1006530       -642859
FSGH G19 G17 0 2015 11 21 20 12  0.000000 2015 11 21 23 59 30.000000       3710509        371005
FSGH G19 G28 0 2015 11 21 20 04  0.000000 2015 11 21 23 59 30.000000      -1877115       1881338
FSGH G19 G30 0 2015 11 21 19 06  0.000000 2015 11 21 23 59 30.000000       5127870      -1352682
FSGH G19 G02 0 2015 11 21 23 32  0.000000 2015 11 21 23 59 30.000000         27492      -2152324
FSGH G02 G06 0 2015 11 21 23 32  0.000000 2015 11 21 23 59 30.000000       1389237       1641058
FSGH G02 G03 0 2015 11 21 23 32  0.000000 2015 11 21 23 59 30.000000        979038       1509465
FSGH G02 G17 0 2015 11 21 23 32  0.000000 2015 11 21 23 59 30.000000       3683017       2523329
FSGH G02 G28 0 2015 11 21 23 32  0.000000 2015 11 21 23 59 30.000000      -1904607       4033662
FSGH G02 G30 0 2015 11 21 23 32  0.000000 2015 11 21 23 59 30.000000       5100378        799642
FSGH G06 G03 0 2015 11 21 21 54  0.000000 2015 11 21 23 59 30.000000       -410199       -131593
FSGH G06 G17 0 2015 11 21 21 54  0.000000 2015 11 21 23 59 30.000000       2293780        882271
FSGH G06 G28 0 2015 11 21 21 54  0.000000 2015 11 21 23 59 30.000000      -3293844       2392604
FSGH G06 G30 0 2015 11 21 21 54  0.000000 2015 11 21 23 59 30.000000       3711141       -841416
FSGH G03 G17 0 2015 11 21 20 32 30.000000 2015 11 21 23 59 30.000000       2703979       1013864
FSGH G03 G28 0 2015 11 21 20 32 30.000000 2015 11 21 23 59 30.000000      -2883645       2524197
FSGH G03 G30 0 2015 11 21 20 32 30.000000 2015 11 21 23 59 30.000000       4121340       -709823
FSGH G17 G28 0 2015 11 21 20 12  0.000000 2015 11 21 23 59 30.000000      -5587624       1510333
FSGH G17 G30 0 2015 11 21 20 12  0.000000 2015 11 21 23 59 30.000000       1417361      -1723687
FSGH G28 G30 0 2015 11 21 20 04  0.000000 2015 11 21 23 59 30.000000       7004985      -3234020
